493.910000 696.120000 0.430000 3287.760000
700.500000 900.580000 0.310000 2211.960000
712.270000 690.230000 0.160000 4831.630000
198.850000 966.000000 0.200000 4593.500000
509.430000 520.990000 0.020000 5617.160000
387.510000 778.930000 0.100000 827.070000
185.240000 465.890000 0.230000 3568.760000
132.730000 789.570000 0.110000 6989.120000
402.050000 891.700000 0.020000 3806.950000
797.500000 326.220000 0.150000 5553.370000
324.610000 527.850000 0.280000 7540.370000
354.340000 873.880000 0.050000 1112.140000
120.020000 894.120000 0.160000 7293.720000
661.660000 160.570000 0.180000 4954.470000
88.450000 790.980000 0.260000 2285.760000
774.950000 273.730000 0.050000 1405.340000
586.030000 207.910000 0.340000 2777.060000
847.480000 397.850000 0.140000 1404.790000
55.020000 464.720000 0.300000 1034.690000
619.470000 811.250000 0.320000 6961.050000
524.910000 802.850000 0.170000 7103.080000
701.670000 2.590000 0.120000 3383.100000
94.640000 187.250000 0.260000 4388.640000
71.100000 984.090000 0.210000 573.170000
467.420000 624.800000 0.250000 5092.230000
659.380000 388.540000 0.260000 2392.080000
529.820000 470.940000 0.140000 668.620000
449.460000 270.800000 0.330000 1262.340000
890.630000 988.240000 0.330000 4100.550000
808.500000 10.900000 0.200000 4891.000000
501.580000 900.130000 0.200000 4334.470000
940.550000 458.790000 0.110000 7652.250000
126.610000 927.580000 0.260000 1433.070000
534.180000 516.900000 0.310000 893.950000
182.830000 847.080000 0.110000 4604.940000
308.420000 194.180000 0.190000 4929.670000
27.230000 628.160000 0.280000 2064.920000
58.140000 912.880000 0.230000 6556.580000
461.790000 659.810000 0.220000 2956.540000
751.480000 628.390000 0.260000 7048.030000
