Summerization: 
Mean time: 3.790898243586222
------------------------------------------------------------
Task: u20.txt
Fitness: 
	max: 0.5253421245130298
	average: 0.5242839509298335
	min: 0.5227383707728128
------------------------------------------------------------
Task: u30.txt
Fitness: 
	max: 0.3045942946107177
	average: 0.29906149645847974
	min: 0.2961943083103467
------------------------------------------------------------
Task: u40.txt
Fitness: 
	max: 0.05890768044755364
	average: 0.05319278102541584
	min: 0.04826402793147397


*********************** Time 0 *******************************
--------------------------------------------------------------
Task: u20.txt
Fitness: 0.5227383707728128
Cycle: [0, 7, 9, 6, 1, 3, 19, 13, 12, 18, 5, 4, 0, 16, 20, 8, 10, 17, 2, 15, 14, 11, 0]
--------------------------------------------------------------
Task: u30.txt
Fitness: 0.296395886454375
Cycle: [0, 15, 1, 20, 14, 21, 4, 9, 11, 2, 18, 0, 23, 24, 12, 22, 19, 3, 28, 10, 17, 0, 16, 30, 27, 6, 26, 8, 13, 25, 7, 5, 29, 0]
--------------------------------------------------------------
Task: u40.txt
Fitness: 0.04826402793147397
Cycle: [0, 28, 25, 10, 30, 22, 26, 4, 9, 3, 0, 38, 5, 6, 20, 40, 18, 17, 14, 32, 16, 0, 37, 7, 1, 39, 12, 36, 21, 29, 31, 27, 0, 24, 13, 33, 35, 19, 23, 15, 8, 11, 2, 34, 0]


*********************** Time 1 *******************************
--------------------------------------------------------------
Task: u20.txt
Fitness: 0.5253421245130298
Cycle: [0, 11, 18, 12, 7, 2, 10, 16, 20, 1, 19, 5, 4, 0, 6, 9, 15, 17, 3, 13, 8, 14, 0]
--------------------------------------------------------------
Task: u30.txt
Fitness: 0.3045942946107177
Cycle: [0, 1, 25, 30, 19, 2, 26, 22, 28, 4, 12, 16, 13, 8, 0, 9, 7, 21, 23, 29, 24, 5, 20, 14, 15, 10, 17, 18, 0, 11, 3, 6, 27, 0]
--------------------------------------------------------------
Task: u40.txt
Fitness: 0.0524066346972199
Cycle: [0, 37, 24, 11, 26, 21, 18, 40, 35, 38, 23, 0, 13, 4, 39, 5, 17, 22, 19, 7, 6, 9, 31, 1, 0, 12, 33, 15, 8, 30, 27, 32, 10, 14, 16, 0, 2, 3, 25, 20, 29, 34, 28, 36, 0]


*********************** Time 2 *******************************
--------------------------------------------------------------
Task: u20.txt
Fitness: 0.5247713575036579
Cycle: [0, 1, 15, 2, 9, 17, 16, 10, 13, 12, 7, 5, 0, 18, 4, 19, 3, 8, 20, 6, 14, 11, 0]
--------------------------------------------------------------
Task: u30.txt
Fitness: 0.2961943083103467
Cycle: [0, 5, 7, 9, 1, 4, 23, 21, 16, 22, 26, 11, 20, 0, 15, 13, 8, 27, 2, 17, 10, 12, 30, 6, 18, 0, 3, 25, 24, 14, 29, 19, 28, 0]
--------------------------------------------------------------
Task: u40.txt
Fitness: 0.05890768044755364
Cycle: [0, 20, 24, 4, 25, 34, 10, 29, 9, 1, 19, 0, 14, 26, 27, 30, 16, 17, 22, 18, 32, 40, 21, 8, 37, 36, 0, 28, 6, 35, 7, 15, 13, 38, 39, 12, 31, 33, 0, 3, 5, 2, 11, 23, 0]
