Summarization: 
Time average: 6.213148840268453
------------------------------------------------------------
Task: u40.txt
Fitness: 
	max: 0.10252294135087614
	average: 0.08630243898768444
	min: 0.0685456183558633
------------------------------------------------------------
Task: u20.txt
Fitness: 
	max: 0.5514753623961949
	average: 0.5394979756418009
	min: 0.5334246912691915


*********************** Time 0 *******************************
--------------------------------------------------------------
Task: u40.txt
Fitness: 0.08568762214885987
Cycle: [0, 19, 14, 17, 3, 20, 34, 11, 39, 6, 35, 37, 0, 2, 5, 27, 25, 15, 13, 8, 1, 7, 23, 0, 38, 33, 24, 4, 9, 31, 12, 29, 21, 40, 16, 28, 36, 0, 30, 18, 32, 10, 26, 22, 0]
--------------------------------------------------------------
Task: u20.txt
Fitness: 0.5350988389181134
Cycle: [0, 3, 10, 17, 16, 15, 6, 9, 2, 1, 19, 8, 20, 14, 0, 18, 12, 13, 7, 11, 4, 5, 0]


*********************** Time 1 *******************************
--------------------------------------------------------------
Task: u40.txt
Fitness: 0.08054787005792369
Cycle: [0, 39, 12, 9, 31, 20, 3, 14, 37, 16, 7, 0, 30, 29, 2, 35, 4, 24, 19, 23, 0, 32, 10, 26, 11, 15, 13, 38, 33, 8, 25, 21, 6, 28, 0, 40, 1, 34, 18, 22, 17, 27, 5, 36, 0]
--------------------------------------------------------------
Task: u20.txt
Fitness: 0.5427212843596904
Cycle: [0, 7, 12, 18, 13, 2, 6, 15, 8, 17, 16, 9, 10, 3, 1, 20, 19, 5, 0, 11, 4, 14, 0]


*********************** Time 2 *******************************
--------------------------------------------------------------
Task: u40.txt
Fitness: 0.08052639267938691
Cycle: [0, 11, 5, 26, 40, 21, 29, 31, 32, 18, 10, 16, 28, 0, 33, 24, 13, 25, 22, 23, 36, 17, 30, 14, 0, 39, 2, 20, 3, 8, 35, 4, 38, 9, 6, 1, 34, 27, 7, 37, 19, 0, 12, 15, 0]
--------------------------------------------------------------
Task: u20.txt
Fitness: 0.5420673148053771
Cycle: [0, 3, 6, 17, 16, 10, 2, 13, 12, 18, 8, 0, 7, 4, 11, 9, 15, 1, 20, 19, 5, 14, 0]


*********************** Time 3 *******************************
--------------------------------------------------------------
Task: u40.txt
Fitness: 0.1006750706009218
Cycle: [0, 23, 40, 29, 18, 39, 9, 33, 4, 13, 24, 38, 37, 19, 0, 21, 31, 35, 8, 15, 1, 10, 17, 28, 14, 30, 22, 36, 0, 16, 32, 34, 5, 3, 20, 2, 12, 6, 26, 27, 25, 11, 7, 0]
--------------------------------------------------------------
Task: u20.txt
Fitness: 0.5388505639937704
Cycle: [0, 19, 20, 15, 9, 1, 2, 6, 8, 3, 17, 16, 10, 14, 0, 12, 18, 13, 7, 5, 4, 11, 0]


*********************** Time 4 *******************************
--------------------------------------------------------------
Task: u40.txt
Fitness: 0.09717315703435848
Cycle: [0, 28, 14, 40, 6, 4, 35, 11, 36, 10, 16, 22, 30, 17, 0, 8, 33, 24, 38, 13, 19, 15, 37, 20, 29, 2, 7, 0, 26, 18, 32, 25, 9, 12, 31, 21, 1, 27, 39, 3, 34, 5, 23, 0]
--------------------------------------------------------------
Task: u20.txt
Fitness: 0.5352488901404499
Cycle: [0, 5, 7, 20, 3, 10, 16, 17, 8, 19, 4, 13, 14, 11, 0, 2, 6, 9, 15, 1, 12, 18, 0]


*********************** Time 5 *******************************
--------------------------------------------------------------
Task: u40.txt
Fitness: 0.07765912579551479
Cycle: [0, 23, 24, 38, 13, 8, 15, 35, 12, 37, 7, 19, 11, 34, 10, 30, 0, 2, 18, 16, 32, 14, 21, 3, 36, 0, 26, 27, 39, 25, 31, 6, 20, 29, 9, 40, 28, 22, 17, 0, 5, 1, 4, 33, 0]
--------------------------------------------------------------
Task: u20.txt
Fitness: 0.5334246912691915
Cycle: [0, 1, 2, 6, 10, 17, 8, 20, 19, 5, 4, 3, 11, 0, 16, 9, 15, 7, 18, 12, 13, 14, 0]


*********************** Time 6 *******************************
--------------------------------------------------------------
Task: u40.txt
Fitness: 0.09401423972117333
Cycle: [0, 7, 24, 38, 8, 29, 31, 20, 2, 1, 36, 0, 4, 9, 17, 40, 3, 39, 21, 32, 16, 14, 10, 0, 22, 30, 23, 15, 33, 12, 35, 13, 11, 28, 27, 5, 25, 26, 0, 18, 34, 6, 37, 19, 0]
--------------------------------------------------------------
Task: u20.txt
Fitness: 0.5375767909245731
Cycle: [0, 13, 12, 18, 6, 15, 9, 2, 7, 5, 4, 0, 10, 16, 17, 3, 8, 1, 20, 19, 14, 11, 0]


*********************** Time 7 *******************************
--------------------------------------------------------------
Task: u40.txt
Fitness: 0.07681243364473096
Cycle: [0, 9, 29, 4, 24, 33, 13, 37, 11, 28, 17, 36, 0, 21, 1, 34, 40, 30, 32, 18, 23, 0, 6, 12, 38, 31, 15, 8, 39, 25, 14, 10, 26, 16, 22, 0, 19, 35, 5, 27, 3, 20, 2, 7, 0]
--------------------------------------------------------------
Task: u20.txt
Fitness: 0.5404689001203306
Cycle: [0, 14, 7, 19, 20, 6, 2, 15, 9, 1, 13, 18, 12, 5, 4, 0, 3, 16, 17, 10, 8, 11, 0]


*********************** Time 8 *******************************
--------------------------------------------------------------
Task: u40.txt
Fitness: 0.08666851701624012
Cycle: [0, 16, 32, 6, 31, 33, 25, 39, 5, 40, 18, 23, 0, 28, 22, 17, 26, 9, 7, 15, 11, 1, 30, 0, 37, 19, 13, 12, 4, 38, 24, 8, 35, 21, 20, 2, 29, 3, 10, 14, 34, 27, 36, 0]
--------------------------------------------------------------
Task: u20.txt
Fitness: 0.5384156750370752
Cycle: [0, 14, 20, 1, 6, 2, 5, 19, 7, 12, 18, 13, 4, 0, 10, 17, 16, 9, 15, 8, 3, 11, 0]


*********************** Time 9 *******************************
--------------------------------------------------------------
Task: u40.txt
Fitness: 0.09015441703868873
Cycle: [0, 23, 6, 12, 31, 7, 36, 8, 13, 35, 26, 10, 11, 0, 22, 30, 17, 27, 34, 40, 3, 1, 25, 39, 9, 21, 2, 29, 20, 24, 15, 0, 5, 33, 4, 38, 32, 18, 16, 14, 28, 37, 19, 0]
--------------------------------------------------------------
Task: u20.txt
Fitness: 0.5372546996346942
Cycle: [0, 5, 18, 12, 13, 7, 4, 20, 1, 2, 6, 14, 11, 0, 19, 17, 16, 10, 9, 15, 8, 3, 0]


*********************** Time 10 *******************************
--------------------------------------------------------------
Task: u40.txt
Fitness: 0.08763051854985514
Cycle: [0, 36, 7, 27, 11, 39, 25, 12, 9, 6, 34, 10, 40, 32, 17, 28, 5, 23, 0, 19, 38, 33, 4, 3, 18, 16, 30, 22, 14, 26, 20, 2, 37, 0, 31, 35, 8, 15, 1, 21, 24, 13, 29, 0]
--------------------------------------------------------------
Task: u20.txt
Fitness: 0.5360070143920928
Cycle: [0, 5, 14, 4, 20, 19, 8, 17, 16, 9, 10, 3, 12, 18, 7, 0, 13, 2, 6, 15, 1, 11, 0]


*********************** Time 11 *******************************
--------------------------------------------------------------
Task: u40.txt
Fitness: 0.09722776290044294
Cycle: [0, 16, 30, 22, 32, 26, 35, 2, 29, 18, 36, 23, 0, 28, 14, 39, 40, 8, 24, 11, 34, 20, 21, 9, 4, 13, 0, 38, 7, 15, 37, 33, 27, 5, 25, 1, 3, 10, 17, 0, 6, 12, 31, 19, 0]
--------------------------------------------------------------
Task: u20.txt
Fitness: 0.5497396630546681
Cycle: [0, 14, 5, 4, 13, 18, 12, 7, 19, 8, 20, 3, 10, 17, 16, 9, 15, 6, 0, 2, 1, 11, 0]


*********************** Time 12 *******************************
--------------------------------------------------------------
Task: u40.txt
Fitness: 0.09481228229676665
Cycle: [0, 12, 9, 2, 29, 6, 8, 15, 13, 38, 18, 10, 0, 37, 24, 33, 1, 21, 31, 28, 17, 14, 30, 16, 22, 0, 35, 4, 25, 3, 32, 26, 27, 34, 40, 20, 39, 5, 11, 19, 7, 23, 36, 0]
--------------------------------------------------------------
Task: u20.txt
Fitness: 0.5386897488240023
Cycle: [0, 14, 13, 18, 12, 7, 2, 6, 8, 1, 3, 11, 0, 10, 16, 17, 9, 15, 20, 19, 4, 5, 0]


*********************** Time 13 *******************************
--------------------------------------------------------------
Task: u40.txt
Fitness: 0.07572116403875431
Cycle: [0, 36, 11, 8, 2, 18, 30, 23, 0, 20, 9, 29, 21, 3, 15, 33, 35, 7, 0, 22, 14, 32, 26, 12, 19, 37, 38, 13, 6, 4, 39, 0, 1, 24, 25, 31, 40, 27, 5, 34, 16, 10, 17, 28, 0]
--------------------------------------------------------------
Task: u20.txt
Fitness: 0.5419841383511242
Cycle: [0, 10, 17, 16, 9, 15, 6, 2, 1, 20, 7, 13, 18, 12, 14, 4, 5, 0, 19, 8, 11, 3, 0]


*********************** Time 14 *******************************
--------------------------------------------------------------
Task: u40.txt
Fitness: 0.08012704557682707
Cycle: [0, 14, 10, 29, 40, 18, 32, 16, 22, 1, 25, 5, 27, 11, 0, 39, 6, 12, 33, 24, 20, 3, 30, 36, 28, 23, 0, 4, 13, 15, 37, 7, 35, 8, 31, 21, 34, 2, 9, 38, 19, 0, 26, 17, 0]
--------------------------------------------------------------
Task: u20.txt
Fitness: 0.5348078293247323
Cycle: [0, 14, 4, 13, 7, 18, 12, 20, 2, 6, 15, 19, 11, 0, 10, 16, 17, 9, 1, 8, 3, 5, 0]


*********************** Time 15 *******************************
--------------------------------------------------------------
Task: u40.txt
Fitness: 0.09604180939632782
Cycle: [0, 17, 14, 28, 5, 34, 32, 10, 22, 30, 18, 27, 38, 24, 19, 23, 0, 31, 2, 20, 13, 35, 15, 37, 39, 3, 12, 9, 6, 1, 7, 36, 0, 8, 33, 4, 11, 25, 40, 29, 21, 16, 26, 0]
--------------------------------------------------------------
Task: u20.txt
Fitness: 0.5415789307678068
Cycle: [0, 1, 19, 20, 8, 6, 2, 9, 15, 10, 16, 17, 3, 11, 0, 13, 7, 18, 12, 5, 4, 14, 0]


*********************** Time 16 *******************************
--------------------------------------------------------------
Task: u40.txt
Fitness: 0.07401967791012022
Cycle: [0, 36, 11, 39, 6, 25, 32, 28, 7, 5, 17, 14, 0, 35, 13, 22, 24, 38, 33, 0, 30, 10, 34, 27, 26, 16, 18, 23, 4, 8, 9, 0, 2, 40, 12, 19, 15, 37, 3, 0, 29, 1, 21, 20, 31, 0]
--------------------------------------------------------------
Task: u20.txt
Fitness: 0.5385079973750443
Cycle: [0, 4, 7, 13, 12, 18, 19, 20, 1, 6, 9, 15, 2, 5, 0, 8, 3, 10, 16, 17, 11, 14, 0]


*********************** Time 17 *******************************
--------------------------------------------------------------
Task: u40.txt
Fitness: 0.0730224925010525
Cycle: [0, 36, 3, 40, 26, 18, 34, 11, 9, 35, 7, 19, 8, 0, 14, 32, 30, 22, 23, 37, 15, 27, 0, 38, 12, 31, 21, 4, 33, 13, 24, 16, 10, 5, 17, 28, 0, 20, 29, 2, 39, 6, 1, 25, 0]
--------------------------------------------------------------
Task: u20.txt
Fitness: 0.5433337474784239
Cycle: [0, 14, 4, 7, 5, 12, 18, 13, 2, 6, 15, 8, 10, 3, 17, 0, 1, 9, 16, 11, 20, 19, 0]


*********************** Time 18 *******************************
--------------------------------------------------------------
Task: u40.txt
Fitness: 0.08154954820433176
Cycle: [0, 37, 38, 15, 24, 35, 6, 31, 20, 34, 8, 7, 19, 0, 32, 40, 3, 2, 29, 26, 11, 17, 39, 0, 4, 9, 27, 5, 1, 12, 21, 13, 33, 25, 23, 0, 14, 22, 10, 18, 30, 16, 28, 36, 0]
--------------------------------------------------------------
Task: u20.txt
Fitness: 0.5405205575844658
Cycle: [0, 20, 1, 15, 9, 6, 2, 19, 3, 16, 17, 10, 8, 14, 0, 7, 18, 12, 13, 5, 4, 11, 0]


*********************** Time 19 *******************************
--------------------------------------------------------------
Task: u40.txt
Fitness: 0.0790705843195594
Cycle: [0, 30, 14, 34, 19, 1, 20, 2, 11, 23, 0, 39, 3, 26, 16, 27, 7, 31, 29, 25, 6, 0, 38, 4, 13, 15, 21, 9, 8, 35, 33, 24, 37, 12, 28, 36, 0, 22, 17, 5, 40, 18, 32, 10, 0]
--------------------------------------------------------------
Task: u20.txt
Fitness: 0.5368362408072634
Cycle: [0, 14, 3, 12, 18, 7, 13, 6, 2, 8, 19, 4, 5, 0, 20, 1, 15, 9, 16, 17, 10, 11, 0]


*********************** Time 20 *******************************
--------------------------------------------------------------
Task: u40.txt
Fitness: 0.09007204252075152
Cycle: [0, 23, 37, 13, 35, 3, 5, 7, 25, 2, 40, 27, 17, 22, 0, 11, 6, 39, 15, 8, 12, 9, 1, 29, 31, 30, 14, 0, 19, 34, 18, 16, 10, 32, 33, 38, 24, 4, 21, 20, 26, 28, 36, 0]
--------------------------------------------------------------
Task: u20.txt
Fitness: 0.5467439257726779
Cycle: [0, 11, 3, 10, 16, 17, 8, 1, 2, 6, 9, 15, 19, 20, 12, 18, 13, 7, 5, 4, 0, 14, 0]


*********************** Time 21 *******************************
--------------------------------------------------------------
Task: u40.txt
Fitness: 0.10252294135087614
Cycle: [0, 24, 38, 15, 8, 33, 13, 4, 6, 5, 29, 32, 16, 22, 0, 37, 35, 40, 20, 2, 3, 10, 30, 14, 17, 11, 34, 7, 19, 0, 28, 27, 18, 26, 25, 39, 21, 31, 12, 9, 1, 36, 23, 0]
--------------------------------------------------------------
Task: u20.txt
Fitness: 0.5384720062850131
Cycle: [0, 5, 4, 7, 18, 12, 19, 20, 6, 2, 13, 1, 8, 0, 15, 9, 10, 16, 17, 3, 14, 11, 0]


*********************** Time 22 *******************************
--------------------------------------------------------------
Task: u40.txt
Fitness: 0.08899802935325563
Cycle: [0, 10, 32, 37, 12, 24, 38, 33, 4, 31, 1, 8, 15, 13, 0, 28, 14, 26, 3, 29, 2, 25, 19, 11, 35, 9, 20, 21, 7, 0, 27, 23, 36, 5, 34, 6, 39, 40, 18, 16, 22, 30, 17, 0]
--------------------------------------------------------------
Task: u20.txt
Fitness: 0.5364298212021121
Cycle: [0, 18, 7, 4, 19, 17, 16, 10, 15, 9, 8, 3, 11, 0, 12, 13, 2, 6, 1, 20, 5, 14, 0]


*********************** Time 23 *******************************
--------------------------------------------------------------
Task: u40.txt
Fitness: 0.1004055444261548
Cycle: [0, 36, 28, 8, 5, 29, 3, 1, 24, 25, 0, 15, 11, 7, 20, 34, 2, 31, 6, 12, 39, 40, 0, 30, 22, 37, 35, 4, 33, 13, 38, 9, 21, 27, 14, 17, 26, 16, 10, 0, 18, 32, 19, 23, 0]
--------------------------------------------------------------
Task: u20.txt
Fitness: 0.537092128479979
Cycle: [0, 5, 19, 4, 13, 12, 18, 7, 8, 20, 1, 14, 0, 10, 16, 17, 6, 2, 15, 9, 3, 11, 0]


*********************** Time 24 *******************************
--------------------------------------------------------------
Task: u40.txt
Fitness: 0.0685456183558633
Cycle: [0, 22, 5, 23, 38, 15, 28, 7, 0, 30, 18, 32, 10, 40, 3, 14, 27, 20, 1, 11, 36, 0, 21, 9, 29, 25, 13, 39, 6, 19, 37, 0, 12, 4, 8, 35, 33, 24, 31, 2, 34, 26, 16, 17, 0]
--------------------------------------------------------------
Task: u20.txt
Fitness: 0.5362806150823863
Cycle: [0, 1, 19, 2, 6, 16, 15, 9, 17, 3, 8, 10, 20, 14, 11, 0, 18, 12, 13, 7, 5, 4, 0]


*********************** Time 25 *******************************
--------------------------------------------------------------
Task: u40.txt
Fitness: 0.09645734972742215
Cycle: [0, 8, 38, 15, 33, 4, 6, 9, 12, 31, 29, 20, 1, 37, 19, 23, 0, 13, 24, 2, 40, 3, 18, 32, 10, 16, 7, 34, 26, 5, 0, 30, 14, 28, 27, 25, 35, 39, 21, 11, 36, 17, 22, 0]
--------------------------------------------------------------
Task: u20.txt
Fitness: 0.539755770206967
Cycle: [0, 17, 2, 6, 10, 16, 15, 9, 13, 12, 18, 7, 14, 0, 4, 5, 19, 20, 1, 8, 3, 11, 0]


*********************** Time 26 *******************************
--------------------------------------------------------------
Task: u40.txt
Fitness: 0.09511660960715627
Cycle: [0, 23, 22, 30, 18, 10, 16, 32, 29, 31, 9, 20, 2, 12, 35, 11, 0, 13, 5, 25, 6, 4, 33, 38, 24, 37, 1, 39, 27, 40, 17, 14, 28, 36, 0, 21, 8, 15, 7, 26, 3, 34, 19, 0]
--------------------------------------------------------------
Task: u20.txt
Fitness: 0.5514753623961949
Cycle: [0, 14, 4, 5, 7, 18, 12, 13, 2, 6, 8, 16, 17, 10, 15, 9, 1, 20, 19, 3, 11, 0]


*********************** Time 27 *******************************
--------------------------------------------------------------
Task: u40.txt
Fitness: 0.08839969695630266
Cycle: [0, 37, 34, 27, 20, 21, 9, 13, 24, 1, 19, 23, 0, 38, 33, 8, 35, 4, 31, 6, 40, 3, 29, 2, 5, 12, 25, 0, 15, 7, 39, 32, 16, 14, 10, 18, 26, 28, 30, 22, 17, 11, 0, 36, 0]
--------------------------------------------------------------
Task: u20.txt
Fitness: 0.5362930452661948
Cycle: [0, 5, 19, 20, 10, 1, 8, 3, 13, 18, 12, 7, 4, 0, 6, 2, 9, 15, 16, 17, 14, 11, 0]


*********************** Time 28 *******************************
--------------------------------------------------------------
Task: u40.txt
Fitness: 0.07811180631753953
Cycle: [0, 15, 8, 6, 13, 34, 7, 23, 0, 29, 31, 20, 9, 38, 25, 14, 10, 18, 17, 0, 19, 28, 16, 30, 22, 27, 11, 5, 32, 26, 36, 0, 21, 1, 39, 40, 3, 2, 4, 35, 12, 24, 33, 37, 0]
--------------------------------------------------------------
Task: u20.txt
Fitness: 0.5367477703564997
Cycle: [0, 15, 6, 2, 7, 12, 18, 13, 20, 8, 14, 11, 0, 3, 9, 16, 17, 10, 1, 19, 5, 4, 0]


*********************** Time 29 *******************************
--------------------------------------------------------------
Task: u40.txt
Fitness: 0.07130179958337456
Cycle: [0, 23, 24, 38, 19, 11, 37, 13, 15, 18, 30, 0, 7, 1, 32, 21, 9, 31, 40, 34, 26, 28, 0, 2, 20, 35, 8, 33, 29, 12, 4, 36, 0, 22, 14, 17, 10, 16, 25, 6, 39, 3, 5, 27, 0]
--------------------------------------------------------------
Task: u20.txt
Fitness: 0.5425153070431132
Cycle: [0, 19, 20, 18, 3, 16, 17, 10, 9, 15, 2, 8, 14, 11, 0, 12, 1, 6, 13, 7, 4, 5, 0]
