Summarization: 
Time average: 6.627609427769979
------------------------------------------------------------
Task: u30.txt
Fitness: 
	max: 0.34658146992927136
	average: 0.3301778833621067
	min: 0.30994030208154283
------------------------------------------------------------
Task: u40.txt
Fitness: 
	max: 0.11190704426015802
	average: 0.08583896736178367
	min: 0.0722434352839211


*********************** Time 0 *******************************
--------------------------------------------------------------
Task: u30.txt
Fitness: 0.32587116450190395
Cycle: [0, 25, 19, 12, 6, 29, 23, 14, 24, 21, 5, 1, 18, 20, 0, 11, 15, 27, 13, 16, 30, 26, 22, 28, 4, 7, 3, 8, 2, 17, 9, 0, 10, 0]
--------------------------------------------------------------
Task: u40.txt
Fitness: 0.08979294890398576
Cycle: [0, 14, 17, 27, 29, 13, 38, 33, 2, 19, 0, 10, 16, 26, 40, 34, 1, 31, 3, 25, 15, 24, 4, 8, 11, 28, 0, 22, 30, 18, 32, 5, 7, 37, 39, 20, 21, 9, 12, 35, 6, 23, 36, 0]


*********************** Time 1 *******************************
--------------------------------------------------------------
Task: u30.txt
Fitness: 0.32624270226202484
Cycle: [0, 3, 8, 16, 30, 27, 28, 7, 14, 5, 24, 4, 20, 9, 1, 6, 25, 0, 11, 15, 19, 22, 26, 2, 10, 23, 29, 21, 12, 13, 17, 18, 0]
--------------------------------------------------------------
Task: u40.txt
Fitness: 0.07460030363403614
Cycle: [0, 20, 5, 7, 8, 15, 12, 37, 27, 36, 0, 35, 11, 4, 33, 31, 29, 24, 38, 19, 0, 1, 21, 40, 26, 34, 39, 9, 2, 3, 25, 6, 13, 23, 0, 18, 30, 22, 14, 10, 16, 32, 17, 28, 0]


*********************** Time 2 *******************************
--------------------------------------------------------------
Task: u30.txt
Fitness: 0.3165283534249156
Cycle: [0, 18, 15, 12, 29, 5, 7, 23, 4, 8, 16, 30, 10, 0, 22, 19, 26, 3, 13, 17, 2, 25, 1, 14, 24, 21, 20, 9, 0, 6, 28, 27, 11, 0]
--------------------------------------------------------------
Task: u40.txt
Fitness: 0.08078028495010413
Cycle: [0, 25, 1, 6, 29, 20, 2, 21, 7, 26, 28, 37, 0, 22, 30, 32, 18, 10, 27, 17, 40, 35, 13, 8, 15, 33, 39, 0, 3, 16, 14, 36, 34, 31, 9, 12, 4, 24, 38, 19, 23, 0, 5, 11, 0]


*********************** Time 3 *******************************
--------------------------------------------------------------
Task: u30.txt
Fitness: 0.32156426741394784
Cycle: [0, 4, 29, 21, 28, 16, 30, 15, 19, 22, 26, 17, 9, 0, 5, 24, 7, 23, 14, 25, 6, 3, 8, 12, 27, 13, 20, 1, 0, 2, 11, 10, 18, 0]
--------------------------------------------------------------
Task: u40.txt
Fitness: 0.08579302850719425
Cycle: [0, 27, 11, 25, 39, 34, 18, 10, 37, 24, 4, 12, 8, 9, 36, 0, 6, 5, 26, 14, 17, 32, 40, 3, 30, 16, 22, 7, 0, 15, 35, 21, 1, 20, 31, 2, 29, 28, 33, 13, 38, 19, 23, 0]


*********************** Time 4 *******************************
--------------------------------------------------------------
Task: u30.txt
Fitness: 0.3153484147343958
Cycle: [0, 20, 24, 25, 11, 17, 2, 27, 9, 18, 0, 14, 23, 4, 6, 15, 30, 19, 28, 22, 26, 1, 10, 0, 13, 8, 3, 16, 12, 21, 29, 7, 5, 0]
--------------------------------------------------------------
Task: u40.txt
Fitness: 0.07988595167481201
Cycle: [0, 11, 28, 27, 5, 29, 10, 26, 19, 15, 37, 0, 17, 20, 2, 31, 38, 6, 35, 4, 33, 24, 39, 1, 7, 23, 0, 34, 36, 22, 30, 14, 16, 40, 32, 18, 3, 12, 9, 21, 25, 0, 13, 8, 0]


*********************** Time 5 *******************************
--------------------------------------------------------------
Task: u30.txt
Fitness: 0.3325393836185232
Cycle: [0, 10, 2, 11, 6, 8, 3, 16, 27, 13, 22, 23, 5, 14, 24, 7, 17, 25, 1, 0, 9, 20, 28, 21, 4, 29, 12, 30, 26, 19, 15, 18, 0]
--------------------------------------------------------------
Task: u40.txt
Fitness: 0.11190704426015802
Cycle: [0, 40, 32, 3, 20, 31, 9, 11, 6, 4, 33, 35, 13, 38, 24, 15, 8, 7, 36, 0, 17, 26, 16, 10, 30, 22, 14, 18, 5, 34, 27, 25, 1, 12, 37, 19, 23, 0, 39, 21, 2, 29, 28, 0]


*********************** Time 6 *******************************
--------------------------------------------------------------
Task: u30.txt
Fitness: 0.3290131601350559
Cycle: [0, 10, 11, 12, 6, 9, 17, 15, 22, 26, 13, 27, 8, 2, 25, 1, 18, 0, 19, 28, 29, 14, 7, 5, 24, 21, 23, 16, 3, 30, 4, 20, 0]
--------------------------------------------------------------
Task: u40.txt
Fitness: 0.09523168007372977
Cycle: [0, 5, 35, 11, 31, 13, 4, 38, 15, 9, 33, 24, 0, 22, 16, 30, 25, 21, 20, 40, 3, 32, 18, 26, 17, 14, 10, 34, 27, 7, 23, 0, 36, 28, 37, 8, 12, 1, 29, 6, 39, 2, 19, 0]


*********************** Time 7 *******************************
--------------------------------------------------------------
Task: u30.txt
Fitness: 0.33965697339548473
Cycle: [0, 18, 9, 4, 23, 21, 29, 5, 7, 14, 24, 20, 11, 25, 1, 0, 28, 19, 22, 27, 13, 12, 6, 15, 2, 8, 3, 26, 30, 16, 17, 10, 0]
--------------------------------------------------------------
Task: u40.txt
Fitness: 0.07951340966881551
Cycle: [0, 14, 26, 5, 15, 38, 33, 24, 16, 9, 4, 0, 10, 28, 2, 31, 20, 3, 29, 21, 1, 39, 27, 32, 0, 40, 17, 23, 34, 22, 30, 18, 0, 8, 13, 25, 19, 37, 36, 35, 12, 6, 11, 7, 0]


*********************** Time 8 *******************************
--------------------------------------------------------------
Task: u30.txt
Fitness: 0.34658146992927136
Cycle: [0, 1, 25, 27, 26, 19, 28, 29, 4, 7, 21, 23, 14, 5, 24, 9, 20, 6, 15, 0, 3, 8, 16, 30, 22, 12, 13, 11, 17, 2, 10, 18, 0]
--------------------------------------------------------------
Task: u40.txt
Fitness: 0.09536177510582121
Cycle: [0, 23, 13, 24, 38, 33, 4, 6, 12, 26, 16, 10, 2, 29, 20, 3, 28, 0, 5, 34, 32, 27, 36, 18, 40, 17, 22, 14, 30, 0, 19, 11, 25, 39, 9, 31, 37, 35, 21, 1, 15, 8, 7, 0]


*********************** Time 9 *******************************
--------------------------------------------------------------
Task: u30.txt
Fitness: 0.3210982495992062
Cycle: [0, 28, 19, 4, 7, 5, 24, 1, 8, 3, 18, 0, 11, 17, 2, 13, 12, 30, 22, 27, 15, 16, 26, 6, 25, 10, 0, 29, 14, 21, 23, 20, 9, 0]
--------------------------------------------------------------
Task: u40.txt
Fitness: 0.07600301377886795
Cycle: [0, 5, 10, 32, 3, 17, 16, 4, 33, 27, 0, 18, 29, 9, 20, 24, 13, 12, 8, 25, 11, 23, 0, 19, 37, 38, 35, 15, 6, 21, 31, 2, 1, 7, 39, 34, 40, 14, 22, 30, 0, 28, 26, 36, 0]


*********************** Time 10 *******************************
--------------------------------------------------------------
Task: u30.txt
Fitness: 0.3394967903592563
Cycle: [0, 10, 13, 12, 15, 30, 19, 4, 23, 21, 29, 28, 22, 26, 16, 8, 3, 11, 2, 17, 25, 0, 9, 5, 14, 7, 24, 20, 6, 27, 1, 18, 0]
--------------------------------------------------------------
Task: u40.txt
Fitness: 0.07681478454398426
Cycle: [0, 22, 18, 27, 14, 17, 29, 30, 7, 0, 35, 33, 13, 31, 20, 4, 24, 15, 25, 23, 0, 9, 21, 2, 34, 5, 11, 37, 8, 38, 12, 6, 39, 28, 36, 26, 0, 32, 16, 10, 3, 40, 1, 19, 0]


*********************** Time 11 *******************************
--------------------------------------------------------------
Task: u30.txt
Fitness: 0.3376372371474187
Cycle: [0, 20, 21, 4, 29, 24, 7, 5, 14, 23, 28, 6, 12, 27, 22, 19, 9, 0, 15, 30, 26, 25, 17, 8, 3, 16, 13, 11, 2, 10, 1, 18, 0]
--------------------------------------------------------------
Task: u40.txt
Fitness: 0.09501045603613088
Cycle: [0, 17, 36, 25, 6, 38, 35, 26, 28, 18, 22, 16, 14, 0, 11, 19, 5, 32, 29, 2, 1, 39, 12, 9, 37, 0, 30, 10, 34, 27, 21, 20, 3, 40, 31, 4, 33, 24, 13, 15, 8, 7, 23, 0]


*********************** Time 12 *******************************
--------------------------------------------------------------
Task: u30.txt
Fitness: 0.32410768019168146
Cycle: [0, 28, 29, 23, 14, 21, 4, 24, 5, 7, 20, 15, 9, 0, 12, 13, 11, 8, 3, 16, 26, 19, 22, 25, 10, 2, 30, 27, 6, 1, 18, 0, 17, 0]
--------------------------------------------------------------
Task: u40.txt
Fitness: 0.0943313958603815
Cycle: [0, 26, 7, 18, 10, 32, 22, 30, 14, 11, 36, 17, 28, 0, 27, 34, 1, 25, 3, 29, 2, 20, 21, 33, 24, 8, 37, 13, 38, 35, 12, 19, 0, 4, 9, 39, 16, 6, 15, 31, 40, 5, 23, 0]


*********************** Time 13 *******************************
--------------------------------------------------------------
Task: u30.txt
Fitness: 0.33177173280819466
Cycle: [0, 9, 19, 28, 4, 23, 14, 5, 24, 20, 25, 18, 0, 3, 8, 13, 12, 16, 30, 7, 21, 29, 22, 26, 6, 27, 11, 15, 17, 2, 10, 0, 1, 0]
--------------------------------------------------------------
Task: u40.txt
Fitness: 0.08560730577712689
Cycle: [0, 22, 36, 17, 28, 10, 30, 32, 18, 14, 0, 4, 21, 12, 39, 11, 20, 31, 37, 13, 35, 0, 16, 26, 3, 1, 2, 29, 40, 9, 6, 8, 15, 38, 24, 33, 7, 23, 0, 19, 25, 5, 34, 27, 0]


*********************** Time 14 *******************************
--------------------------------------------------------------
Task: u30.txt
Fitness: 0.3385901423027198
Cycle: [0, 10, 30, 26, 6, 12, 1, 9, 14, 5, 24, 23, 7, 25, 18, 0, 20, 21, 29, 4, 28, 19, 22, 27, 8, 3, 16, 13, 11, 15, 17, 2, 0]
--------------------------------------------------------------
Task: u40.txt
Fitness: 0.10576128878981975
Cycle: [0, 36, 28, 11, 39, 1, 21, 2, 31, 35, 24, 33, 9, 6, 40, 14, 17, 22, 30, 0, 10, 16, 34, 5, 3, 20, 18, 32, 29, 25, 27, 26, 0, 37, 13, 12, 4, 15, 38, 8, 19, 7, 23, 0]


*********************** Time 15 *******************************
--------------------------------------------------------------
Task: u30.txt
Fitness: 0.3416421740540975
Cycle: [0, 1, 25, 15, 27, 13, 17, 11, 6, 23, 28, 19, 22, 16, 30, 26, 3, 8, 9, 0, 20, 5, 7, 24, 14, 21, 4, 29, 12, 2, 10, 18, 0]
--------------------------------------------------------------
Task: u40.txt
Fitness: 0.09018126886029243
Cycle: [0, 26, 34, 20, 21, 2, 18, 32, 30, 22, 14, 17, 5, 19, 23, 0, 37, 1, 10, 9, 40, 3, 29, 6, 8, 38, 0, 16, 31, 25, 7, 15, 24, 4, 39, 13, 33, 12, 36, 0, 27, 35, 11, 28, 0]


*********************** Time 16 *******************************
--------------------------------------------------------------
Task: u30.txt
Fitness: 0.33407965784233523
Cycle: [0, 9, 24, 7, 5, 4, 14, 23, 20, 25, 12, 27, 18, 0, 21, 29, 28, 26, 16, 30, 3, 8, 13, 17, 11, 6, 22, 19, 15, 2, 10, 1, 0]
--------------------------------------------------------------
Task: u40.txt
Fitness: 0.07629247125394543
Cycle: [0, 9, 3, 34, 39, 2, 4, 13, 35, 8, 15, 22, 14, 0, 19, 12, 31, 37, 24, 33, 38, 23, 0, 29, 10, 30, 17, 27, 7, 11, 28, 36, 0, 1, 25, 6, 21, 20, 40, 5, 26, 16, 18, 32, 0]


*********************** Time 17 *******************************
--------------------------------------------------------------
Task: u30.txt
Fitness: 0.33664246527009134
Cycle: [0, 17, 29, 4, 28, 26, 30, 12, 13, 27, 8, 3, 16, 19, 22, 11, 9, 18, 0, 10, 15, 2, 25, 6, 5, 14, 23, 21, 7, 24, 20, 1, 0]
--------------------------------------------------------------
Task: u40.txt
Fitness: 0.08452426207533538
Cycle: [0, 7, 5, 40, 3, 21, 29, 12, 27, 13, 36, 0, 30, 10, 32, 34, 11, 39, 1, 9, 31, 23, 0, 24, 33, 38, 8, 4, 35, 6, 25, 20, 2, 17, 28, 19, 15, 37, 0, 22, 14, 16, 18, 26, 0]


*********************** Time 18 *******************************
--------------------------------------------------------------
Task: u30.txt
Fitness: 0.3314933173244451
Cycle: [0, 1, 9, 5, 14, 7, 23, 24, 28, 30, 12, 11, 6, 16, 3, 8, 27, 13, 15, 17, 0, 29, 21, 4, 20, 18, 22, 19, 26, 2, 25, 10, 0]
--------------------------------------------------------------
Task: u40.txt
Fitness: 0.0999527280327826
Cycle: [0, 28, 22, 30, 17, 29, 18, 16, 14, 26, 10, 32, 40, 3, 5, 27, 0, 11, 38, 8, 37, 33, 24, 20, 7, 19, 34, 0, 2, 9, 31, 13, 35, 6, 39, 1, 21, 4, 15, 12, 25, 36, 23, 0]


*********************** Time 19 *******************************
--------------------------------------------------------------
Task: u30.txt
Fitness: 0.33783847910084697
Cycle: [0, 10, 26, 22, 19, 30, 16, 3, 8, 11, 25, 6, 15, 18, 0, 14, 5, 7, 21, 24, 29, 28, 12, 27, 13, 2, 17, 20, 23, 4, 9, 1, 0]
--------------------------------------------------------------
Task: u40.txt
Fitness: 0.08319876900170399
Cycle: [0, 16, 10, 22, 30, 18, 14, 11, 28, 27, 23, 0, 38, 6, 25, 34, 32, 26, 40, 3, 21, 1, 17, 0, 33, 24, 29, 2, 20, 9, 12, 31, 37, 8, 39, 5, 0, 15, 13, 4, 35, 19, 7, 36, 0]


*********************** Time 20 *******************************
--------------------------------------------------------------
Task: u30.txt
Fitness: 0.33587516204902573
Cycle: [0, 18, 8, 13, 3, 27, 6, 28, 29, 14, 12, 24, 0, 4, 21, 7, 20, 9, 11, 2, 17, 16, 30, 26, 22, 19, 15, 25, 1, 0, 5, 23, 10, 0]
--------------------------------------------------------------
Task: u40.txt
Fitness: 0.08520000487622628
Cycle: [0, 35, 38, 13, 9, 12, 3, 25, 5, 27, 34, 19, 0, 29, 40, 32, 18, 8, 11, 23, 0, 16, 10, 26, 7, 2, 22, 14, 30, 17, 0, 37, 15, 33, 24, 4, 31, 6, 21, 20, 1, 39, 28, 36, 0]


*********************** Time 21 *******************************
--------------------------------------------------------------
Task: u30.txt
Fitness: 0.337901674276643
Cycle: [0, 9, 20, 25, 1, 6, 19, 22, 12, 13, 27, 8, 2, 11, 15, 18, 0, 3, 16, 30, 26, 4, 29, 21, 14, 24, 5, 7, 23, 28, 17, 10, 0]
--------------------------------------------------------------
Task: u40.txt
Fitness: 0.07835049610068989
Cycle: [0, 12, 4, 13, 6, 24, 8, 20, 25, 28, 0, 2, 29, 21, 1, 39, 31, 27, 10, 17, 30, 5, 36, 0, 19, 38, 33, 35, 15, 37, 11, 7, 9, 3, 32, 18, 34, 23, 0, 14, 16, 26, 40, 22, 0]


*********************** Time 22 *******************************
--------------------------------------------------------------
Task: u30.txt
Fitness: 0.3347545200322408
Cycle: [0, 10, 2, 11, 13, 6, 4, 23, 21, 5, 14, 24, 7, 29, 28, 30, 22, 16, 26, 19, 0, 8, 3, 27, 12, 15, 17, 9, 25, 1, 18, 20, 0]
--------------------------------------------------------------
Task: u40.txt
Fitness: 0.07708971685918166
Cycle: [0, 27, 32, 30, 16, 26, 9, 6, 39, 34, 36, 0, 31, 3, 5, 1, 29, 2, 25, 11, 23, 0, 33, 35, 21, 24, 8, 4, 15, 19, 14, 28, 17, 7, 0, 37, 38, 13, 12, 20, 40, 10, 18, 22, 0]


*********************** Time 23 *******************************
--------------------------------------------------------------
Task: u30.txt
Fitness: 0.3356536198866658
Cycle: [0, 10, 17, 11, 3, 13, 12, 26, 30, 19, 22, 16, 8, 15, 2, 25, 20, 9, 1, 0, 23, 5, 24, 7, 6, 28, 29, 14, 21, 4, 27, 18, 0]
--------------------------------------------------------------
Task: u40.txt
Fitness: 0.08752783084686933
Cycle: [0, 28, 26, 40, 34, 27, 12, 9, 31, 2, 19, 15, 35, 33, 13, 8, 21, 0, 20, 24, 4, 6, 38, 37, 29, 1, 0, 17, 30, 22, 39, 5, 3, 32, 7, 23, 14, 0, 16, 18, 10, 25, 11, 36, 0]


*********************** Time 24 *******************************
--------------------------------------------------------------
Task: u30.txt
Fitness: 0.33733953894633184
Cycle: [0, 19, 28, 26, 13, 8, 30, 22, 16, 3, 1, 20, 9, 17, 0, 27, 12, 29, 21, 5, 24, 14, 7, 23, 4, 6, 25, 11, 15, 2, 10, 18, 0]
--------------------------------------------------------------
Task: u40.txt
Fitness: 0.07498677089704482
Cycle: [0, 22, 28, 26, 25, 40, 29, 27, 16, 17, 30, 0, 21, 11, 7, 37, 8, 9, 13, 5, 12, 23, 0, 15, 38, 33, 4, 1, 34, 20, 6, 24, 35, 31, 2, 39, 14, 0, 19, 3, 18, 32, 10, 36, 0]


*********************** Time 25 *******************************
--------------------------------------------------------------
Task: u30.txt
Fitness: 0.30994030208154283
Cycle: [0, 1, 17, 4, 7, 22, 13, 6, 27, 16, 20, 9, 0, 24, 14, 5, 26, 3, 8, 10, 18, 0, 30, 28, 21, 23, 29, 19, 12, 15, 2, 11, 25, 0]
--------------------------------------------------------------
Task: u40.txt
Fitness: 0.09785747448069072
Cycle: [0, 36, 14, 30, 16, 40, 5, 27, 39, 25, 20, 3, 6, 9, 1, 10, 32, 0, 22, 17, 35, 13, 15, 38, 33, 4, 31, 2, 21, 29, 18, 26, 28, 0, 12, 24, 8, 37, 19, 11, 34, 7, 23, 0]


*********************** Time 26 *******************************
--------------------------------------------------------------
Task: u30.txt
Fitness: 0.31651540908135983
Cycle: [0, 25, 8, 22, 16, 19, 26, 30, 12, 28, 6, 9, 1, 0, 24, 21, 14, 11, 27, 15, 2, 20, 7, 5, 23, 0, 29, 4, 17, 3, 13, 10, 18, 0]
--------------------------------------------------------------
Task: u40.txt
Fitness: 0.07845219785255246
Cycle: [0, 34, 27, 32, 14, 29, 26, 17, 22, 30, 36, 0, 19, 11, 3, 39, 4, 37, 20, 38, 24, 33, 0, 16, 18, 10, 7, 2, 40, 35, 13, 15, 8, 31, 6, 0, 12, 9, 21, 25, 28, 5, 1, 23, 0]


*********************** Time 27 *******************************
--------------------------------------------------------------
Task: u30.txt
Fitness: 0.33068476163319155
Cycle: [0, 9, 5, 24, 7, 23, 29, 30, 3, 28, 22, 26, 16, 8, 13, 6, 15, 17, 0, 20, 1, 19, 12, 27, 11, 14, 21, 4, 25, 2, 10, 18, 0]
--------------------------------------------------------------
Task: u40.txt
Fitness: 0.0832693091760128
Cycle: [0, 36, 27, 6, 35, 33, 12, 24, 38, 13, 9, 39, 23, 0, 20, 15, 37, 8, 4, 31, 21, 34, 5, 1, 2, 29, 25, 0, 10, 26, 16, 32, 18, 7, 28, 22, 14, 17, 40, 3, 11, 19, 0, 30, 0]


*********************** Time 28 *******************************
--------------------------------------------------------------
Task: u30.txt
Fitness: 0.3204125549508497
Cycle: [0, 9, 1, 18, 3, 8, 11, 25, 12, 30, 22, 28, 19, 6, 0, 5, 7, 15, 26, 27, 13, 16, 17, 2, 10, 0, 14, 21, 23, 4, 29, 24, 20, 0]
--------------------------------------------------------------
Task: u40.txt
Fitness: 0.0722434352839211
Cycle: [0, 15, 13, 5, 18, 10, 32, 1, 21, 31, 40, 3, 11, 7, 0, 29, 2, 20, 39, 23, 28, 16, 0, 38, 37, 4, 24, 8, 19, 30, 22, 17, 14, 0, 6, 25, 34, 26, 27, 33, 35, 12, 9, 36, 0]


*********************** Time 29 *******************************
--------------------------------------------------------------
Task: u30.txt
Fitness: 0.31851514250953356
Cycle: [0, 20, 23, 24, 5, 14, 21, 4, 19, 6, 29, 7, 12, 10, 0, 15, 8, 3, 2, 16, 30, 22, 13, 11, 18, 0, 28, 26, 27, 17, 25, 1, 9, 0]
--------------------------------------------------------------
Task: u40.txt
Fitness: 0.07964761369129275
Cycle: [0, 21, 2, 9, 12, 20, 3, 40, 27, 7, 36, 0, 29, 13, 4, 39, 31, 24, 19, 0, 14, 32, 18, 16, 30, 28, 17, 5, 1, 6, 26, 10, 22, 0, 11, 38, 25, 35, 34, 37, 15, 8, 33, 23, 0]
