Summarization: 
Time average: 5.524640115102132
------------------------------------------------------------
Task: u20.txt
Fitness: 
	max: 0.5534403146268385
	average: 0.5398984831161786
	min: 0.5322485702373035
------------------------------------------------------------
Task: u30.txt
Fitness: 
	max: 0.3420386008618499
	average: 0.3263055801546469
	min: 0.3119021519092157


*********************** Time 0 *******************************
--------------------------------------------------------------
Task: u20.txt
Fitness: 0.5378069847932525
Cycle: [0, 14, 5, 4, 7, 12, 18, 13, 15, 9, 19, 3, 8, 11, 0, 17, 16, 10, 6, 2, 1, 20, 0]
--------------------------------------------------------------
Task: u30.txt
Fitness: 0.3273151111896688
Cycle: [0, 17, 15, 6, 19, 12, 28, 21, 24, 9, 5, 14, 23, 7, 4, 25, 0, 30, 22, 29, 16, 26, 3, 8, 13, 27, 11, 2, 10, 18, 1, 20, 0]


*********************** Time 1 *******************************
--------------------------------------------------------------
Task: u20.txt
Fitness: 0.5400532561393802
Cycle: [0, 14, 20, 1, 2, 6, 8, 19, 7, 12, 18, 13, 5, 4, 0, 10, 15, 9, 16, 17, 3, 11, 0]
--------------------------------------------------------------
Task: u30.txt
Fitness: 0.33506335068162224
Cycle: [0, 9, 24, 7, 28, 23, 14, 5, 20, 4, 29, 21, 25, 10, 18, 0, 17, 11, 15, 26, 12, 19, 22, 30, 16, 3, 8, 2, 6, 13, 27, 1, 0]


*********************** Time 2 *******************************
--------------------------------------------------------------
Task: u20.txt
Fitness: 0.5353948660734045
Cycle: [0, 5, 4, 18, 12, 7, 19, 3, 16, 9, 17, 10, 8, 14, 0, 13, 2, 15, 6, 1, 20, 11, 0]
--------------------------------------------------------------
Task: u30.txt
Fitness: 0.33278290247741377
Cycle: [0, 25, 15, 6, 8, 19, 22, 16, 17, 13, 12, 11, 2, 10, 18, 0, 27, 3, 30, 26, 28, 9, 24, 4, 23, 14, 5, 7, 21, 29, 20, 1, 0]


*********************** Time 3 *******************************
--------------------------------------------------------------
Task: u20.txt
Fitness: 0.5345191923547343
Cycle: [0, 11, 19, 1, 13, 12, 4, 5, 7, 18, 14, 0, 16, 15, 9, 6, 2, 20, 8, 10, 17, 3, 0]
--------------------------------------------------------------
Task: u30.txt
Fitness: 0.31574010745716863
Cycle: [0, 9, 4, 29, 22, 26, 13, 12, 8, 30, 19, 27, 17, 0, 21, 7, 23, 14, 20, 24, 5, 28, 11, 18, 0, 6, 16, 3, 25, 10, 2, 15, 1, 0]


*********************** Time 4 *******************************
--------------------------------------------------------------
Task: u20.txt
Fitness: 0.5348132545261238
Cycle: [0, 17, 20, 1, 5, 4, 12, 13, 18, 7, 3, 14, 0, 19, 9, 8, 2, 6, 15, 16, 10, 11, 0]
--------------------------------------------------------------
Task: u30.txt
Fitness: 0.33305646586067716
Cycle: [0, 15, 3, 8, 30, 12, 6, 4, 21, 1, 25, 24, 20, 9, 0, 2, 17, 11, 27, 13, 16, 22, 29, 5, 14, 7, 23, 28, 19, 26, 10, 18, 0]


*********************** Time 5 *******************************
--------------------------------------------------------------
Task: u20.txt
Fitness: 0.5435632906228475
Cycle: [0, 11, 3, 1, 8, 9, 15, 16, 17, 10, 6, 2, 13, 12, 18, 7, 14, 0, 20, 19, 5, 4, 0]
--------------------------------------------------------------
Task: u30.txt
Fitness: 0.32893106701801966
Cycle: [0, 20, 16, 25, 17, 8, 13, 3, 30, 4, 9, 0, 2, 11, 15, 27, 26, 22, 19, 28, 29, 21, 24, 5, 7, 14, 23, 12, 6, 18, 1, 10, 0]


*********************** Time 6 *******************************
--------------------------------------------------------------
Task: u20.txt
Fitness: 0.5322485702373035
Cycle: [0, 14, 4, 13, 15, 9, 17, 16, 18, 12, 7, 5, 11, 0, 3, 8, 2, 6, 10, 1, 19, 20, 0]
--------------------------------------------------------------
Task: u30.txt
Fitness: 0.3346931625990849
Cycle: [0, 20, 9, 24, 1, 10, 27, 12, 28, 29, 4, 5, 23, 21, 14, 7, 0, 6, 26, 22, 30, 19, 11, 2, 17, 15, 13, 16, 3, 8, 25, 18, 0]


*********************** Time 7 *******************************
--------------------------------------------------------------
Task: u20.txt
Fitness: 0.5534403146268385
Cycle: [0, 11, 14, 3, 8, 10, 17, 16, 9, 15, 6, 2, 13, 18, 12, 7, 5, 4, 20, 1, 19, 0]
--------------------------------------------------------------
Task: u30.txt
Fitness: 0.33072078150194295
Cycle: [0, 1, 25, 3, 8, 26, 30, 28, 22, 27, 12, 19, 29, 5, 24, 9, 0, 4, 23, 7, 14, 21, 15, 11, 2, 17, 16, 13, 6, 20, 10, 18, 0]


*********************** Time 8 *******************************
--------------------------------------------------------------
Task: u20.txt
Fitness: 0.5400552321075891
Cycle: [0, 14, 2, 6, 15, 9, 1, 13, 18, 12, 7, 5, 19, 20, 4, 0, 3, 8, 17, 16, 10, 11, 0]
--------------------------------------------------------------
Task: u30.txt
Fitness: 0.3324589730667558
Cycle: [0, 9, 14, 7, 24, 5, 21, 23, 29, 12, 6, 10, 25, 17, 2, 1, 20, 18, 0, 3, 8, 27, 26, 30, 19, 28, 4, 15, 22, 16, 13, 11, 0]


*********************** Time 9 *******************************
--------------------------------------------------------------
Task: u20.txt
Fitness: 0.5439302839950584
Cycle: [0, 14, 3, 17, 16, 10, 19, 13, 6, 15, 8, 1, 20, 0, 2, 12, 18, 7, 9, 11, 5, 4, 0]
--------------------------------------------------------------
Task: u30.txt
Fitness: 0.3148503288611094
Cycle: [0, 9, 27, 28, 25, 11, 8, 13, 16, 3, 15, 2, 0, 30, 6, 12, 19, 22, 26, 21, 7, 23, 17, 10, 18, 0, 5, 14, 29, 4, 20, 24, 1, 0]


*********************** Time 10 *******************************
--------------------------------------------------------------
Task: u20.txt
Fitness: 0.5392917108385776
Cycle: [0, 11, 14, 19, 20, 1, 8, 3, 10, 16, 17, 9, 15, 13, 12, 18, 7, 4, 5, 0, 6, 2, 0]
--------------------------------------------------------------
Task: u30.txt
Fitness: 0.33342837329698083
Cycle: [0, 11, 15, 19, 8, 12, 28, 29, 14, 24, 2, 1, 9, 18, 0, 25, 20, 5, 7, 23, 21, 4, 30, 27, 16, 3, 26, 22, 13, 6, 17, 10, 0]


*********************** Time 11 *******************************
--------------------------------------------------------------
Task: u20.txt
Fitness: 0.5386342442048941
Cycle: [0, 11, 3, 8, 6, 2, 13, 4, 5, 7, 18, 12, 14, 0, 10, 15, 9, 16, 17, 1, 20, 19, 0]
--------------------------------------------------------------
Task: u30.txt
Fitness: 0.3319803652213588
Cycle: [0, 25, 19, 22, 8, 3, 13, 11, 16, 26, 30, 27, 17, 1, 18, 2, 10, 0, 9, 24, 5, 29, 23, 21, 14, 7, 28, 6, 15, 12, 4, 20, 0]


*********************** Time 12 *******************************
--------------------------------------------------------------
Task: u20.txt
Fitness: 0.5347090796326428
Cycle: [0, 14, 3, 20, 4, 19, 7, 13, 18, 12, 5, 1, 0, 2, 9, 15, 6, 16, 17, 10, 8, 11, 0]
--------------------------------------------------------------
Task: u30.txt
Fitness: 0.3315114209631526
Cycle: [0, 1, 10, 2, 12, 30, 22, 26, 11, 17, 15, 8, 13, 3, 16, 27, 0, 5, 7, 29, 28, 19, 6, 25, 23, 21, 14, 24, 20, 9, 4, 18, 0]


*********************** Time 13 *******************************
--------------------------------------------------------------
Task: u20.txt
Fitness: 0.5430695482833355
Cycle: [0, 13, 18, 20, 7, 8, 3, 17, 16, 10, 9, 15, 0, 6, 2, 1, 12, 19, 5, 14, 4, 11, 0]
--------------------------------------------------------------
Task: u30.txt
Fitness: 0.31758173134783957
Cycle: [0, 29, 6, 2, 16, 30, 3, 19, 28, 10, 18, 0, 8, 22, 4, 21, 7, 14, 5, 24, 23, 20, 15, 25, 17, 11, 0, 12, 27, 13, 26, 9, 1, 0]


*********************** Time 14 *******************************
--------------------------------------------------------------
Task: u20.txt
Fitness: 0.5407129855730584
Cycle: [0, 18, 12, 7, 13, 6, 2, 15, 17, 16, 3, 14, 0, 10, 8, 20, 19, 11, 5, 9, 1, 4, 0]
--------------------------------------------------------------
Task: u30.txt
Fitness: 0.31684807916844804
Cycle: [0, 1, 3, 6, 23, 4, 21, 5, 29, 19, 20, 9, 0, 13, 27, 30, 22, 16, 12, 28, 8, 10, 26, 25, 0, 15, 11, 18, 2, 17, 7, 14, 24, 0]


*********************** Time 15 *******************************
--------------------------------------------------------------
Task: u20.txt
Fitness: 0.5411282862617075
Cycle: [0, 11, 20, 19, 8, 1, 6, 9, 15, 2, 13, 18, 7, 12, 5, 4, 0, 10, 16, 17, 3, 14, 0]
--------------------------------------------------------------
Task: u30.txt
Fitness: 0.32221799722366995
Cycle: [0, 10, 17, 27, 12, 15, 2, 11, 25, 19, 22, 23, 21, 24, 7, 9, 0, 8, 3, 13, 6, 29, 28, 4, 5, 14, 20, 0, 16, 30, 26, 1, 18, 0]


*********************** Time 16 *******************************
--------------------------------------------------------------
Task: u20.txt
Fitness: 0.5409284186790323
Cycle: [0, 14, 16, 3, 2, 6, 15, 9, 10, 8, 11, 17, 0, 1, 20, 19, 5, 13, 18, 12, 7, 4, 0]
--------------------------------------------------------------
Task: u30.txt
Fitness: 0.3301561806103849
Cycle: [0, 17, 15, 30, 26, 28, 19, 22, 6, 20, 9, 24, 4, 2, 1, 18, 0, 13, 3, 16, 12, 27, 8, 11, 5, 14, 7, 23, 21, 29, 25, 10, 0]


*********************** Time 17 *******************************
--------------------------------------------------------------
Task: u20.txt
Fitness: 0.5407270939877727
Cycle: [0, 14, 20, 9, 15, 6, 2, 10, 16, 17, 8, 1, 13, 18, 12, 7, 0, 3, 19, 5, 4, 11, 0]
--------------------------------------------------------------
Task: u30.txt
Fitness: 0.31585258217838735
Cycle: [0, 19, 24, 11, 2, 30, 13, 0, 29, 4, 25, 10, 18, 17, 15, 22, 26, 6, 5, 14, 0, 28, 12, 27, 8, 3, 16, 1, 20, 7, 21, 23, 9, 0]


*********************** Time 18 *******************************
--------------------------------------------------------------
Task: u20.txt
Fitness: 0.5419588365453565
Cycle: [0, 14, 1, 20, 2, 6, 9, 15, 3, 16, 17, 10, 8, 19, 11, 0, 7, 12, 18, 13, 5, 4, 0]
--------------------------------------------------------------
Task: u30.txt
Fitness: 0.3346798347579405
Cycle: [0, 18, 1, 2, 15, 6, 25, 19, 30, 3, 11, 8, 13, 26, 16, 22, 17, 10, 0, 27, 12, 29, 23, 28, 4, 21, 7, 14, 5, 24, 20, 9, 0]


*********************** Time 19 *******************************
--------------------------------------------------------------
Task: u20.txt
Fitness: 0.5359449021278825
Cycle: [0, 4, 15, 1, 8, 10, 6, 2, 19, 9, 17, 16, 0, 20, 7, 5, 14, 11, 12, 18, 13, 3, 0]
--------------------------------------------------------------
Task: u30.txt
Fitness: 0.3326692731595432
Cycle: [0, 2, 8, 3, 30, 22, 26, 16, 13, 17, 10, 11, 25, 4, 29, 23, 21, 20, 0, 14, 5, 7, 24, 9, 18, 15, 27, 12, 19, 28, 6, 1, 0]


*********************** Time 20 *******************************
--------------------------------------------------------------
Task: u20.txt
Fitness: 0.5364695575127506
Cycle: [0, 7, 12, 18, 13, 20, 19, 14, 11, 8, 3, 4, 5, 0, 10, 17, 16, 15, 9, 6, 2, 1, 0]
--------------------------------------------------------------
Task: u30.txt
Fitness: 0.31965925506465603
Cycle: [0, 10, 2, 25, 7, 21, 24, 20, 28, 19, 26, 17, 18, 0, 5, 14, 6, 30, 3, 8, 16, 13, 22, 12, 15, 11, 27, 0, 4, 29, 23, 9, 1, 0]


*********************** Time 21 *******************************
--------------------------------------------------------------
Task: u20.txt
Fitness: 0.53836663657215
Cycle: [0, 4, 5, 19, 20, 13, 12, 18, 7, 15, 9, 17, 16, 10, 3, 0, 2, 6, 1, 8, 14, 11, 0]
--------------------------------------------------------------
Task: u30.txt
Fitness: 0.33005511423126166
Cycle: [0, 25, 29, 21, 7, 5, 14, 28, 26, 22, 19, 27, 15, 13, 30, 3, 8, 16, 11, 18, 0, 2, 12, 6, 4, 9, 10, 17, 23, 24, 20, 1, 0]


*********************** Time 22 *******************************
--------------------------------------------------------------
Task: u20.txt
Fitness: 0.5415890072666548
Cycle: [0, 11, 20, 6, 4, 15, 17, 16, 18, 0, 19, 13, 1, 12, 7, 2, 9, 5, 0, 3, 10, 8, 14, 0]
--------------------------------------------------------------
Task: u30.txt
Fitness: 0.3197746745840601
Cycle: [0, 13, 22, 29, 7, 24, 21, 23, 25, 10, 18, 2, 0, 5, 4, 19, 17, 3, 8, 26, 27, 15, 20, 9, 0, 14, 11, 30, 16, 12, 28, 6, 1, 0]


*********************** Time 23 *******************************
--------------------------------------------------------------
Task: u20.txt
Fitness: 0.5377294481749094
Cycle: [0, 4, 19, 7, 5, 20, 1, 2, 13, 18, 12, 14, 0, 8, 10, 16, 17, 15, 9, 6, 3, 11, 0]
--------------------------------------------------------------
Task: u30.txt
Fitness: 0.3119021519092157
Cycle: [0, 23, 11, 24, 14, 29, 21, 1, 0, 5, 6, 12, 17, 3, 8, 25, 2, 13, 27, 0, 28, 7, 4, 18, 15, 26, 19, 22, 16, 30, 0, 20, 9, 10, 0]


*********************** Time 24 *******************************
--------------------------------------------------------------
Task: u20.txt
Fitness: 0.538262833680707
Cycle: [0, 19, 20, 1, 6, 15, 9, 2, 4, 8, 17, 16, 10, 3, 0, 7, 13, 18, 12, 5, 14, 11, 0]
--------------------------------------------------------------
Task: u30.txt
Fitness: 0.33241895106772723
Cycle: [0, 20, 14, 4, 24, 7, 29, 21, 23, 5, 25, 6, 12, 3, 8, 13, 27, 0, 28, 19, 30, 16, 22, 26, 15, 11, 18, 10, 2, 17, 9, 1, 0]


*********************** Time 25 *******************************
--------------------------------------------------------------
Task: u20.txt
Fitness: 0.535765920967343
Cycle: [0, 12, 18, 2, 6, 15, 13, 7, 11, 14, 0, 3, 8, 9, 10, 16, 17, 1, 20, 19, 5, 4, 0]
--------------------------------------------------------------
Task: u30.txt
Fitness: 0.32289076709852177
Cycle: [0, 10, 1, 6, 25, 12, 19, 8, 29, 17, 18, 0, 14, 4, 21, 7, 5, 24, 9, 20, 26, 22, 28, 3, 0, 23, 11, 15, 30, 16, 13, 27, 2, 0]


*********************** Time 26 *******************************
--------------------------------------------------------------
Task: u20.txt
Fitness: 0.5404326473373963
Cycle: [0, 14, 4, 5, 12, 18, 19, 20, 17, 16, 10, 6, 9, 15, 2, 13, 7, 0, 8, 1, 3, 11, 0]
--------------------------------------------------------------
Task: u30.txt
Fitness: 0.3259289921238182
Cycle: [0, 15, 10, 11, 27, 13, 8, 28, 22, 30, 16, 3, 2, 17, 0, 5, 24, 4, 23, 21, 29, 14, 26, 19, 12, 6, 25, 18, 0, 7, 20, 9, 1, 0]


*********************** Time 27 *******************************
--------------------------------------------------------------
Task: u20.txt
Fitness: 0.5492248987299297
Cycle: [0, 5, 4, 19, 20, 6, 2, 13, 18, 12, 7, 1, 8, 16, 15, 9, 10, 17, 3, 14, 11, 0]
--------------------------------------------------------------
Task: u30.txt
Fitness: 0.3187136599450604
Cycle: [0, 10, 17, 25, 30, 16, 1, 27, 18, 0, 28, 11, 15, 13, 3, 8, 19, 23, 21, 14, 7, 24, 5, 0, 2, 6, 12, 26, 22, 29, 4, 20, 9, 0]


*********************** Time 28 *******************************
--------------------------------------------------------------
Task: u20.txt
Fitness: 0.5470426209917405
Cycle: [0, 14, 2, 6, 13, 18, 12, 7, 19, 20, 1, 15, 9, 16, 17, 10, 8, 3, 0, 5, 4, 11, 0]
--------------------------------------------------------------
Task: u30.txt
Fitness: 0.31324714911206547
Cycle: [0, 14, 21, 7, 1, 10, 23, 5, 24, 9, 20, 0, 13, 3, 19, 28, 27, 16, 26, 8, 15, 25, 17, 2, 11, 0, 4, 29, 12, 6, 22, 30, 18, 0]


*********************** Time 29 *******************************
--------------------------------------------------------------
Task: u20.txt
Fitness: 0.5391405706409831
Cycle: [0, 11, 3, 15, 6, 7, 1, 8, 9, 10, 17, 16, 20, 19, 0, 18, 12, 13, 2, 5, 4, 14, 0]
--------------------------------------------------------------
Task: u30.txt
Fitness: 0.3420386008618499
Cycle: [0, 18, 25, 17, 13, 3, 8, 16, 30, 22, 29, 21, 7, 14, 23, 4, 20, 9, 5, 24, 1, 0, 10, 6, 28, 19, 12, 15, 26, 27, 11, 2, 0]
