Summarization: 
Time average: 1.3698858817418416
------------------------------------------------------------
Task: u40.txt
Fitness: 
	max: 0.09268366282556241
	average: 0.06841417414903733
	min: 0.058818274640037894


*********************** Time 0 *******************************
--------------------------------------------------------------
Task: u40.txt
Fitness: 0.07341295994010337
Cycle: [0, 23, 35, 7, 6, 13, 38, 4, 25, 37, 31, 2, 3, 0, 40, 20, 12, 39, 10, 28, 14, 17, 22, 19, 0, 8, 33, 24, 15, 9, 32, 18, 16, 30, 26, 1, 27, 34, 0, 29, 21, 11, 5, 36, 0]


*********************** Time 1 *******************************
--------------------------------------------------------------
Task: u40.txt
Fitness: 0.06138538894986554
Cycle: [0, 37, 15, 7, 24, 33, 20, 17, 28, 23, 0, 3, 29, 6, 39, 5, 27, 11, 9, 40, 12, 38, 0, 4, 8, 10, 2, 31, 21, 13, 35, 26, 0, 32, 22, 30, 18, 16, 14, 36, 1, 25, 34, 19, 0]


*********************** Time 2 *******************************
--------------------------------------------------------------
Task: u40.txt
Fitness: 0.09268366282556241
Cycle: [0, 5, 20, 3, 9, 2, 29, 1, 4, 31, 21, 13, 37, 19, 7, 0, 35, 33, 38, 24, 6, 8, 15, 12, 11, 25, 40, 32, 18, 22, 30, 26, 17, 0, 34, 27, 10, 16, 14, 39, 36, 28, 23, 0]


*********************** Time 3 *******************************
--------------------------------------------------------------
Task: u40.txt
Fitness: 0.06913120848382874
Cycle: [0, 31, 4, 21, 16, 17, 26, 14, 25, 36, 0, 10, 37, 3, 1, 6, 2, 12, 9, 8, 39, 0, 13, 7, 22, 30, 27, 18, 32, 29, 0, 40, 20, 34, 5, 23, 19, 28, 11, 24, 38, 35, 33, 15, 0]


*********************** Time 4 *******************************
--------------------------------------------------------------
Task: u40.txt
Fitness: 0.061069630699098536
Cycle: [0, 19, 40, 29, 3, 5, 27, 21, 31, 37, 11, 0, 24, 13, 33, 6, 34, 16, 10, 7, 23, 28, 14, 36, 0, 30, 26, 39, 15, 38, 17, 18, 32, 22, 0, 8, 4, 12, 9, 2, 35, 1, 20, 25, 0]


*********************** Time 5 *******************************
--------------------------------------------------------------
Task: u40.txt
Fitness: 0.058818274640037894
Cycle: [0, 28, 12, 31, 21, 29, 20, 6, 8, 5, 39, 10, 32, 16, 0, 30, 22, 14, 35, 4, 15, 34, 25, 7, 27, 37, 36, 0, 13, 38, 33, 9, 2, 26, 17, 18, 19, 0, 40, 3, 24, 1, 11, 23, 0]


*********************** Time 6 *******************************
--------------------------------------------------------------
Task: u40.txt
Fitness: 0.0813897077287407
Cycle: [0, 7, 3, 40, 32, 30, 22, 10, 16, 18, 17, 24, 13, 4, 15, 0, 36, 28, 27, 35, 34, 6, 29, 20, 31, 12, 33, 37, 19, 23, 0, 38, 8, 9, 1, 26, 2, 5, 21, 11, 39, 25, 14, 0]


*********************** Time 7 *******************************
--------------------------------------------------------------
Task: u40.txt
Fitness: 0.06108948976330018
Cycle: [0, 23, 13, 33, 35, 27, 34, 26, 3, 29, 39, 5, 25, 1, 21, 14, 0, 32, 12, 24, 4, 19, 6, 9, 37, 11, 0, 20, 2, 31, 18, 30, 22, 10, 40, 16, 7, 0, 17, 28, 38, 15, 8, 36, 0]


*********************** Time 8 *******************************
--------------------------------------------------------------
Task: u40.txt
Fitness: 0.06747928890476915
Cycle: [0, 34, 7, 28, 14, 17, 18, 10, 16, 36, 30, 22, 0, 6, 31, 2, 20, 39, 12, 27, 26, 13, 4, 8, 38, 9, 0, 24, 33, 15, 19, 11, 25, 5, 40, 1, 23, 0, 3, 32, 29, 21, 35, 37, 0]


*********************** Time 9 *******************************
--------------------------------------------------------------
Task: u40.txt
Fitness: 0.07173671515274874
Cycle: [0, 28, 35, 13, 15, 4, 24, 31, 40, 9, 19, 23, 0, 21, 29, 3, 10, 32, 1, 11, 37, 8, 33, 38, 6, 7, 0, 36, 20, 2, 25, 5, 34, 27, 26, 39, 30, 22, 14, 17, 18, 16, 0, 12, 0]


*********************** Time 10 *******************************
--------------------------------------------------------------
Task: u40.txt
Fitness: 0.06648480479361903
Cycle: [0, 28, 29, 3, 2, 18, 25, 5, 26, 0, 24, 35, 19, 11, 16, 14, 32, 30, 22, 10, 17, 0, 39, 27, 34, 31, 12, 9, 6, 37, 13, 8, 36, 23, 0, 40, 20, 4, 38, 1, 21, 33, 15, 7, 0]


*********************** Time 11 *******************************
--------------------------------------------------------------
Task: u40.txt
Fitness: 0.0793739236490301
Cycle: [0, 36, 7, 39, 6, 12, 29, 13, 33, 14, 30, 22, 0, 10, 17, 32, 40, 2, 1, 3, 31, 15, 37, 23, 0, 25, 9, 20, 21, 24, 4, 35, 8, 38, 27, 34, 11, 5, 16, 18, 26, 28, 0, 19, 0]


*********************** Time 12 *******************************
--------------------------------------------------------------
Task: u40.txt
Fitness: 0.08500990599771287
Cycle: [0, 37, 7, 3, 16, 18, 22, 27, 19, 23, 0, 32, 2, 29, 39, 21, 31, 9, 6, 38, 4, 8, 15, 24, 13, 12, 0, 35, 33, 1, 25, 40, 20, 5, 11, 34, 28, 26, 17, 30, 14, 10, 36, 0]


*********************** Time 13 *******************************
--------------------------------------------------------------
Task: u40.txt
Fitness: 0.06192031607957805
Cycle: [0, 19, 39, 40, 3, 8, 6, 1, 5, 34, 36, 30, 18, 10, 27, 23, 0, 13, 38, 15, 24, 33, 4, 11, 7, 35, 17, 25, 0, 32, 14, 22, 16, 28, 26, 20, 2, 31, 21, 37, 0, 29, 9, 12, 0]


*********************** Time 14 *******************************
--------------------------------------------------------------
Task: u40.txt
Fitness: 0.06192658660049003
Cycle: [0, 28, 40, 29, 2, 3, 32, 10, 26, 17, 16, 30, 36, 0, 31, 20, 25, 34, 39, 14, 22, 7, 21, 9, 0, 18, 1, 12, 27, 6, 15, 37, 23, 5, 0, 8, 38, 11, 33, 35, 24, 4, 13, 19, 0]


*********************** Time 15 *******************************
--------------------------------------------------------------
Task: u40.txt
Fitness: 0.06888462926038814
Cycle: [0, 36, 21, 3, 2, 29, 31, 20, 6, 27, 40, 26, 19, 0, 33, 9, 4, 25, 24, 38, 13, 15, 7, 17, 22, 0, 35, 8, 12, 34, 39, 1, 5, 28, 10, 11, 23, 37, 0, 14, 18, 32, 16, 30, 0]


*********************** Time 16 *******************************
--------------------------------------------------------------
Task: u40.txt
Fitness: 0.06400423613999927
Cycle: [0, 19, 16, 14, 34, 26, 30, 22, 10, 17, 32, 0, 31, 2, 29, 3, 40, 28, 20, 21, 1, 9, 8, 13, 35, 0, 18, 7, 37, 25, 27, 39, 6, 36, 23, 0, 12, 11, 5, 15, 24, 33, 4, 38, 0]


*********************** Time 17 *******************************
--------------------------------------------------------------
Task: u40.txt
Fitness: 0.06320116444921135
Cycle: [0, 25, 5, 39, 28, 17, 20, 35, 1, 37, 15, 7, 0, 10, 27, 31, 21, 29, 3, 40, 8, 24, 33, 38, 4, 19, 0, 12, 2, 32, 14, 26, 18, 9, 13, 6, 34, 23, 0, 36, 11, 16, 22, 30, 0]


*********************** Time 18 *******************************
--------------------------------------------------------------
Task: u40.txt
Fitness: 0.06341547901762809
Cycle: [0, 36, 2, 29, 20, 21, 32, 40, 8, 13, 33, 6, 11, 0, 14, 28, 7, 26, 22, 30, 18, 27, 3, 37, 0, 34, 1, 5, 16, 10, 17, 39, 31, 23, 0, 9, 35, 25, 4, 24, 15, 12, 38, 19, 0]


*********************** Time 19 *******************************
--------------------------------------------------------------
Task: u40.txt
Fitness: 0.06522295005778066
Cycle: [0, 37, 13, 6, 2, 15, 27, 26, 17, 32, 36, 0, 21, 9, 8, 39, 4, 29, 24, 35, 33, 38, 0, 12, 31, 40, 3, 20, 14, 30, 18, 16, 11, 23, 0, 34, 5, 28, 1, 22, 10, 25, 19, 7, 0]


*********************** Time 20 *******************************
--------------------------------------------------------------
Task: u40.txt
Fitness: 0.06691776773313987
Cycle: [0, 37, 38, 15, 33, 6, 14, 18, 17, 26, 16, 10, 32, 30, 0, 1, 12, 24, 13, 9, 31, 35, 21, 8, 19, 0, 2, 3, 20, 29, 4, 39, 25, 34, 36, 22, 0, 11, 23, 28, 27, 40, 5, 7, 0]


*********************** Time 21 *******************************
--------------------------------------------------------------
Task: u40.txt
Fitness: 0.07260432804174134
Cycle: [0, 22, 30, 10, 18, 40, 2, 6, 34, 36, 26, 11, 19, 0, 33, 24, 15, 13, 38, 35, 8, 37, 7, 21, 3, 28, 14, 0, 9, 12, 4, 1, 39, 29, 32, 31, 20, 5, 23, 0, 16, 27, 25, 17, 0]


*********************** Time 22 *******************************
--------------------------------------------------------------
Task: u40.txt
Fitness: 0.07330987904083175
Cycle: [0, 7, 15, 4, 12, 40, 29, 2, 35, 20, 21, 16, 10, 28, 0, 5, 34, 11, 26, 39, 3, 31, 37, 38, 8, 13, 24, 33, 9, 6, 0, 14, 22, 25, 1, 32, 18, 17, 30, 36, 19, 23, 0, 27, 0]


*********************** Time 23 *******************************
--------------------------------------------------------------
Task: u40.txt
Fitness: 0.06796964915720458
Cycle: [0, 21, 12, 38, 9, 28, 17, 30, 22, 27, 23, 0, 26, 34, 14, 32, 16, 10, 18, 7, 8, 24, 4, 15, 33, 6, 0, 35, 13, 11, 39, 1, 2, 29, 20, 5, 37, 19, 0, 40, 25, 31, 3, 36, 0]


*********************** Time 24 *******************************
--------------------------------------------------------------
Task: u40.txt
Fitness: 0.0624855844509995
Cycle: [0, 11, 1, 34, 8, 38, 4, 2, 21, 24, 37, 0, 20, 29, 9, 13, 15, 31, 33, 6, 35, 0, 10, 30, 25, 3, 32, 18, 14, 16, 28, 17, 22, 36, 23, 0, 19, 40, 5, 27, 12, 39, 26, 7, 0]


*********************** Time 25 *******************************
--------------------------------------------------------------
Task: u40.txt
Fitness: 0.06162326379411914
Cycle: [0, 8, 13, 33, 24, 31, 35, 19, 22, 21, 1, 39, 7, 0, 3, 6, 20, 5, 2, 29, 34, 28, 25, 37, 0, 26, 10, 18, 32, 40, 27, 16, 36, 11, 14, 30, 17, 0, 4, 15, 38, 9, 12, 23, 0]


*********************** Time 26 *******************************
--------------------------------------------------------------
Task: u40.txt
Fitness: 0.07181469715456999
Cycle: [0, 9, 7, 11, 12, 24, 37, 35, 38, 33, 8, 23, 0, 16, 32, 30, 22, 28, 5, 40, 2, 29, 18, 10, 26, 0, 31, 21, 20, 1, 15, 39, 25, 3, 17, 14, 34, 19, 0, 13, 4, 6, 27, 36, 0]


*********************** Time 27 *******************************
--------------------------------------------------------------
Task: u40.txt
Fitness: 0.06582981522272988
Cycle: [0, 15, 25, 2, 3, 31, 8, 40, 26, 22, 0, 34, 29, 10, 39, 1, 21, 12, 13, 33, 38, 19, 0, 20, 32, 16, 30, 18, 14, 28, 23, 7, 27, 17, 36, 0, 37, 24, 4, 35, 9, 6, 11, 5, 0]


*********************** Time 28 *******************************
--------------------------------------------------------------
Task: u40.txt
Fitness: 0.060539201704134626
Cycle: [0, 11, 34, 39, 3, 2, 1, 32, 40, 18, 26, 10, 5, 25, 17, 0, 37, 19, 15, 38, 12, 9, 35, 21, 20, 6, 8, 16, 14, 22, 0, 7, 30, 36, 4, 33, 24, 13, 29, 23, 0, 31, 28, 27, 0]


*********************** Time 29 *******************************
--------------------------------------------------------------
Task: u40.txt
Fitness: 0.0716907150381561
Cycle: [0, 36, 22, 16, 30, 29, 3, 39, 6, 9, 27, 28, 0, 38, 15, 13, 33, 24, 4, 35, 32, 10, 18, 25, 11, 7, 17, 0, 21, 40, 31, 12, 37, 19, 1, 2, 20, 34, 26, 14, 0, 5, 8, 23, 0]
