Summarization: 
Time average: 0.9198480685551961
------------------------------------------------------------
Task: u30.txt
Fitness: 
	max: 0.33104474918931126
	average: 0.3135412257715163
	min: 0.30167105699860675


*********************** Time 0 *******************************
--------------------------------------------------------------
Task: u30.txt
Fitness: 0.32255366470023683
Cycle: [0, 20, 9, 24, 5, 6, 26, 22, 12, 10, 1, 21, 23, 7, 14, 0, 29, 28, 4, 19, 17, 2, 11, 30, 16, 3, 8, 13, 27, 15, 25, 18, 0]


*********************** Time 1 *******************************
--------------------------------------------------------------
Task: u30.txt
Fitness: 0.30730986366360313
Cycle: [0, 14, 24, 21, 5, 7, 29, 27, 13, 8, 12, 1, 2, 0, 20, 25, 23, 4, 28, 26, 17, 15, 10, 11, 18, 0, 3, 19, 16, 30, 22, 6, 9, 0]


*********************** Time 2 *******************************
--------------------------------------------------------------
Task: u30.txt
Fitness: 0.31516209811917156
Cycle: [0, 2, 1, 10, 25, 13, 26, 30, 17, 11, 22, 28, 21, 23, 29, 0, 12, 6, 24, 14, 5, 7, 4, 19, 27, 15, 8, 3, 16, 18, 0, 9, 20, 0]


*********************** Time 3 *******************************
--------------------------------------------------------------
Task: u30.txt
Fitness: 0.31462985867562515
Cycle: [0, 1, 12, 27, 26, 3, 8, 22, 19, 28, 29, 25, 16, 30, 6, 0, 24, 5, 4, 14, 11, 21, 20, 23, 0, 2, 13, 15, 17, 10, 7, 9, 18, 0]


*********************** Time 4 *******************************
--------------------------------------------------------------
Task: u30.txt
Fitness: 0.3223018945701408
Cycle: [0, 20, 4, 5, 7, 29, 6, 28, 26, 16, 19, 27, 12, 30, 10, 0, 9, 21, 24, 14, 23, 15, 22, 13, 11, 8, 3, 17, 25, 2, 1, 18, 0]


*********************** Time 5 *******************************
--------------------------------------------------------------
Task: u30.txt
Fitness: 0.3151565529685049
Cycle: [0, 28, 22, 19, 30, 11, 26, 3, 16, 8, 25, 1, 0, 23, 24, 4, 5, 14, 20, 9, 2, 15, 13, 27, 12, 6, 17, 18, 0, 29, 21, 7, 10, 0]


*********************** Time 6 *******************************
--------------------------------------------------------------
Task: u30.txt
Fitness: 0.30750273577727927
Cycle: [0, 18, 1, 6, 27, 21, 24, 29, 30, 17, 8, 3, 2, 0, 12, 16, 26, 28, 7, 14, 23, 4, 5, 9, 25, 20, 0, 11, 15, 19, 22, 13, 10, 0]


*********************** Time 7 *******************************
--------------------------------------------------------------
Task: u30.txt
Fitness: 0.32235883893622636
Cycle: [0, 18, 11, 8, 10, 16, 30, 26, 6, 29, 7, 23, 24, 20, 0, 5, 14, 21, 4, 27, 3, 13, 12, 17, 15, 28, 19, 22, 9, 0, 2, 25, 1, 0]


*********************** Time 8 *******************************
--------------------------------------------------------------
Task: u30.txt
Fitness: 0.3076945691640239
Cycle: [0, 11, 2, 22, 6, 5, 29, 4, 7, 14, 20, 0, 13, 15, 19, 28, 21, 24, 23, 26, 25, 1, 9, 18, 0, 27, 8, 3, 16, 12, 30, 10, 17, 0]


*********************** Time 9 *******************************
--------------------------------------------------------------
Task: u30.txt
Fitness: 0.321312045700671
Cycle: [0, 12, 26, 19, 28, 29, 21, 5, 7, 24, 23, 18, 4, 14, 9, 0, 10, 2, 8, 3, 15, 11, 20, 25, 17, 13, 16, 30, 22, 6, 27, 1, 0]


*********************** Time 10 *******************************
--------------------------------------------------------------
Task: u30.txt
Fitness: 0.32921039504503413
Cycle: [0, 18, 12, 22, 19, 8, 3, 16, 30, 15, 25, 17, 10, 2, 26, 27, 13, 11, 6, 0, 23, 5, 14, 7, 24, 21, 28, 4, 29, 1, 20, 9, 0]


*********************** Time 11 *******************************
--------------------------------------------------------------
Task: u30.txt
Fitness: 0.3123157765657467
Cycle: [0, 2, 25, 4, 5, 28, 16, 8, 15, 27, 17, 1, 9, 20, 0, 19, 30, 12, 6, 3, 11, 26, 22, 13, 10, 0, 24, 21, 14, 7, 23, 29, 18, 0]


*********************** Time 12 *******************************
--------------------------------------------------------------
Task: u30.txt
Fitness: 0.30554361378605693
Cycle: [0, 18, 8, 3, 11, 17, 7, 14, 28, 22, 12, 19, 6, 25, 0, 23, 1, 24, 9, 5, 20, 27, 15, 2, 10, 0, 16, 13, 30, 26, 29, 21, 4, 0]


*********************** Time 13 *******************************
--------------------------------------------------------------
Task: u30.txt
Fitness: 0.3110077206992222
Cycle: [0, 19, 15, 27, 12, 13, 22, 20, 9, 17, 0, 14, 6, 26, 16, 30, 3, 8, 2, 11, 25, 10, 0, 23, 29, 28, 21, 7, 24, 5, 4, 1, 18, 0]


*********************** Time 14 *******************************
--------------------------------------------------------------
Task: u30.txt
Fitness: 0.30623941780089614
Cycle: [0, 1, 17, 19, 28, 6, 23, 29, 15, 12, 27, 16, 22, 30, 3, 8, 0, 14, 21, 5, 24, 20, 18, 10, 11, 26, 13, 2, 9, 0, 7, 4, 25, 0]


*********************** Time 15 *******************************
--------------------------------------------------------------
Task: u30.txt
Fitness: 0.30478616744137
Cycle: [0, 10, 1, 30, 29, 28, 26, 22, 11, 2, 17, 9, 20, 0, 7, 23, 5, 19, 16, 24, 21, 14, 4, 15, 25, 0, 13, 12, 6, 27, 3, 8, 18, 0]


*********************** Time 16 *******************************
--------------------------------------------------------------
Task: u30.txt
Fitness: 0.32013314895763323
Cycle: [0, 10, 2, 6, 22, 28, 26, 8, 11, 20, 7, 23, 21, 5, 14, 0, 17, 12, 16, 30, 27, 15, 13, 19, 3, 25, 1, 4, 29, 24, 9, 0, 18, 0]


*********************** Time 17 *******************************
--------------------------------------------------------------
Task: u30.txt
Fitness: 0.30837740028632166
Cycle: [0, 27, 3, 16, 13, 14, 9, 1, 20, 18, 0, 8, 19, 24, 5, 7, 23, 29, 21, 4, 28, 12, 26, 17, 2, 10, 0, 6, 25, 15, 30, 22, 11, 0]


*********************** Time 18 *******************************
--------------------------------------------------------------
Task: u30.txt
Fitness: 0.3113928097590616
Cycle: [0, 2, 11, 22, 3, 26, 8, 13, 30, 19, 16, 28, 18, 10, 0, 24, 29, 9, 4, 7, 21, 23, 5, 14, 1, 15, 25, 17, 0, 27, 12, 6, 20, 0]


*********************** Time 19 *******************************
--------------------------------------------------------------
Task: u30.txt
Fitness: 0.3120232949123687
Cycle: [0, 15, 27, 13, 29, 30, 8, 26, 16, 3, 1, 9, 20, 0, 24, 21, 5, 7, 12, 6, 28, 23, 14, 22, 0, 4, 11, 19, 25, 2, 18, 10, 17, 0]


*********************** Time 20 *******************************
--------------------------------------------------------------
Task: u30.txt
Fitness: 0.3111668366593059
Cycle: [0, 18, 26, 30, 22, 12, 27, 3, 8, 17, 9, 11, 2, 10, 1, 0, 13, 6, 16, 19, 14, 29, 4, 24, 5, 21, 23, 28, 15, 25, 0, 7, 20, 0]


*********************** Time 21 *******************************
--------------------------------------------------------------
Task: u30.txt
Fitness: 0.32301449052469866
Cycle: [0, 17, 11, 16, 3, 8, 22, 26, 30, 19, 6, 12, 28, 5, 7, 23, 24, 21, 29, 4, 0, 14, 18, 2, 10, 1, 15, 13, 27, 25, 20, 9, 0]


*********************** Time 22 *******************************
--------------------------------------------------------------
Task: u30.txt
Fitness: 0.33104474918931126
Cycle: [0, 1, 15, 12, 6, 22, 26, 28, 19, 30, 16, 8, 3, 11, 2, 4, 5, 24, 7, 21, 20, 9, 0, 14, 23, 29, 17, 10, 13, 27, 25, 18, 0]


*********************** Time 23 *******************************
--------------------------------------------------------------
Task: u30.txt
Fitness: 0.31286084982965245
Cycle: [0, 18, 10, 20, 19, 12, 13, 11, 15, 25, 23, 7, 4, 14, 29, 0, 28, 21, 5, 24, 30, 22, 26, 27, 3, 16, 8, 6, 2, 17, 0, 1, 9, 0]


*********************** Time 24 *******************************
--------------------------------------------------------------
Task: u30.txt
Fitness: 0.3104326816698753
Cycle: [0, 4, 29, 6, 8, 3, 27, 25, 10, 18, 9, 0, 30, 16, 22, 12, 13, 19, 7, 14, 5, 21, 23, 24, 20, 0, 28, 26, 15, 17, 2, 1, 11, 0]


*********************** Time 25 *******************************
--------------------------------------------------------------
Task: u30.txt
Fitness: 0.30167105699860675
Cycle: [0, 1, 9, 8, 27, 13, 28, 22, 19, 30, 6, 26, 17, 0, 7, 4, 12, 15, 29, 5, 23, 21, 14, 18, 25, 0, 10, 20, 24, 16, 3, 11, 2, 0]


*********************** Time 26 *******************************
--------------------------------------------------------------
Task: u30.txt
Fitness: 0.31197587229970003
Cycle: [0, 9, 17, 16, 22, 28, 4, 25, 3, 30, 27, 11, 15, 13, 18, 0, 5, 24, 7, 14, 20, 23, 21, 29, 6, 26, 12, 19, 8, 10, 1, 0, 2, 0]


*********************** Time 27 *******************************
--------------------------------------------------------------
Task: u30.txt
Fitness: 0.3047011227262622
Cycle: [0, 17, 27, 13, 28, 26, 16, 8, 3, 12, 21, 29, 20, 10, 0, 23, 4, 7, 14, 24, 5, 15, 11, 9, 18, 25, 1, 0, 6, 2, 22, 19, 30, 0]


*********************** Time 28 *******************************
--------------------------------------------------------------
Task: u30.txt
Fitness: 0.30863195330402143
Cycle: [0, 15, 2, 17, 29, 7, 9, 1, 6, 13, 30, 27, 25, 0, 4, 21, 23, 5, 14, 19, 26, 22, 3, 16, 8, 28, 12, 11, 0, 20, 24, 10, 18, 0]


*********************** Time 29 *******************************
--------------------------------------------------------------
Task: u30.txt
Fitness: 0.3137252924148611
Cycle: [0, 9, 19, 30, 12, 16, 3, 2, 8, 17, 11, 10, 0, 26, 15, 18, 22, 13, 6, 28, 29, 14, 5, 24, 0, 21, 23, 20, 1, 25, 7, 4, 27, 0]
