Summarization: 
Time average: 0.5919850587844848
------------------------------------------------------------
Task: u20.txt
Fitness: 
	max: 0.5504364007694257
	average: 0.5357152492112003
	min: 0.5307433290952964


*********************** Time 0 *******************************
--------------------------------------------------------------
Task: u20.txt
Fitness: 0.5362283802079496
Cycle: [0, 5, 18, 7, 12, 13, 6, 2, 8, 11, 0, 10, 16, 17, 15, 9, 1, 20, 19, 3, 4, 14, 0]


*********************** Time 1 *******************************
--------------------------------------------------------------
Task: u20.txt
Fitness: 0.5407779429223304
Cycle: [0, 14, 4, 7, 18, 12, 13, 3, 10, 16, 17, 9, 15, 6, 2, 20, 19, 5, 0, 8, 1, 11, 0]


*********************** Time 2 *******************************
--------------------------------------------------------------
Task: u20.txt
Fitness: 0.5344718617236648
Cycle: [0, 11, 15, 9, 6, 2, 20, 7, 12, 13, 18, 14, 0, 1, 8, 10, 3, 17, 16, 19, 5, 4, 0]


*********************** Time 3 *******************************
--------------------------------------------------------------
Task: u20.txt
Fitness: 0.5360047835822213
Cycle: [0, 4, 5, 19, 20, 10, 3, 15, 9, 16, 17, 8, 6, 2, 12, 0, 1, 18, 13, 7, 11, 14, 0]


*********************** Time 4 *******************************
--------------------------------------------------------------
Task: u20.txt
Fitness: 0.5329586119308949
Cycle: [0, 7, 12, 18, 13, 6, 2, 1, 10, 20, 19, 11, 0, 16, 15, 9, 17, 3, 8, 4, 14, 5, 0]


*********************** Time 5 *******************************
--------------------------------------------------------------
Task: u20.txt
Fitness: 0.5335058676159743
Cycle: [0, 19, 2, 6, 9, 20, 18, 12, 4, 5, 14, 11, 3, 8, 0, 13, 15, 16, 17, 10, 1, 7, 0]


*********************** Time 6 *******************************
--------------------------------------------------------------
Task: u20.txt
Fitness: 0.531179163696393
Cycle: [0, 14, 1, 17, 10, 8, 2, 6, 13, 18, 12, 19, 11, 0, 16, 9, 15, 3, 20, 4, 5, 7, 0]


*********************** Time 7 *******************************
--------------------------------------------------------------
Task: u20.txt
Fitness: 0.5368422343879548
Cycle: [0, 14, 3, 16, 17, 20, 19, 5, 4, 12, 18, 7, 13, 2, 6, 1, 8, 0, 15, 9, 10, 11, 0]


*********************** Time 8 *******************************
--------------------------------------------------------------
Task: u20.txt
Fitness: 0.5326719196560179
Cycle: [0, 19, 4, 5, 20, 16, 8, 1, 13, 18, 12, 7, 0, 15, 10, 17, 6, 2, 9, 3, 14, 11, 0]


*********************** Time 9 *******************************
--------------------------------------------------------------
Task: u20.txt
Fitness: 0.5311916719003844
Cycle: [0, 3, 15, 9, 2, 6, 19, 8, 10, 1, 4, 11, 0, 13, 7, 18, 12, 5, 20, 17, 16, 14, 0]


*********************** Time 10 *******************************
--------------------------------------------------------------
Task: u20.txt
Fitness: 0.5352970442623006
Cycle: [0, 11, 4, 7, 18, 12, 13, 20, 10, 15, 9, 16, 17, 5, 0, 6, 2, 19, 1, 8, 3, 14, 0]


*********************** Time 11 *******************************
--------------------------------------------------------------
Task: u20.txt
Fitness: 0.5352144923924264
Cycle: [0, 11, 19, 20, 10, 9, 6, 2, 13, 7, 5, 12, 18, 4, 0, 3, 17, 16, 8, 15, 1, 14, 0]


*********************** Time 12 *******************************
--------------------------------------------------------------
Task: u20.txt
Fitness: 0.5333498160797786
Cycle: [0, 14, 4, 17, 9, 7, 12, 18, 13, 5, 0, 15, 10, 6, 2, 16, 1, 20, 19, 8, 3, 11, 0]


*********************** Time 13 *******************************
--------------------------------------------------------------
Task: u20.txt
Fitness: 0.5335690949038272
Cycle: [0, 17, 3, 9, 2, 13, 12, 18, 7, 4, 5, 11, 0, 20, 10, 16, 6, 15, 8, 19, 1, 14, 0]


*********************** Time 14 *******************************
--------------------------------------------------------------
Task: u20.txt
Fitness: 0.5331677121584638
Cycle: [0, 11, 8, 6, 2, 13, 7, 18, 12, 5, 4, 3, 17, 19, 20, 0, 16, 9, 15, 10, 1, 14, 0]


*********************** Time 15 *******************************
--------------------------------------------------------------
Task: u20.txt
Fitness: 0.5390557129640099
Cycle: [0, 12, 18, 13, 15, 9, 6, 2, 1, 20, 19, 5, 4, 8, 10, 17, 16, 3, 11, 0, 7, 14, 0]


*********************** Time 16 *******************************
--------------------------------------------------------------
Task: u20.txt
Fitness: 0.5393961406353469
Cycle: [0, 14, 20, 1, 2, 6, 15, 9, 16, 17, 10, 13, 12, 7, 18, 4, 5, 0, 19, 3, 8, 11, 0]


*********************** Time 17 *******************************
--------------------------------------------------------------
Task: u20.txt
Fitness: 0.5307449577037088
Cycle: [0, 11, 19, 20, 7, 12, 18, 5, 4, 3, 8, 17, 10, 9, 15, 14, 0, 6, 2, 13, 1, 16, 0]


*********************** Time 18 *******************************
--------------------------------------------------------------
Task: u20.txt
Fitness: 0.5370122829635564
Cycle: [0, 4, 5, 16, 10, 15, 9, 2, 6, 7, 18, 12, 13, 20, 19, 11, 0, 17, 1, 8, 3, 14, 0]


*********************** Time 19 *******************************
--------------------------------------------------------------
Task: u20.txt
Fitness: 0.5322790297543163
Cycle: [0, 14, 20, 2, 9, 15, 6, 16, 10, 11, 3, 17, 19, 4, 5, 0, 8, 1, 13, 18, 12, 7, 0]


*********************** Time 20 *******************************
--------------------------------------------------------------
Task: u20.txt
Fitness: 0.5504364007694257
Cycle: [0, 11, 3, 10, 16, 17, 15, 9, 6, 2, 13, 12, 18, 7, 8, 20, 19, 1, 5, 4, 14, 0]


*********************** Time 21 *******************************
--------------------------------------------------------------
Task: u20.txt
Fitness: 0.5345549684660158
Cycle: [0, 14, 3, 15, 6, 16, 2, 9, 17, 10, 8, 1, 19, 4, 5, 0, 18, 12, 13, 7, 20, 11, 0]


*********************** Time 22 *******************************
--------------------------------------------------------------
Task: u20.txt
Fitness: 0.5402908235011281
Cycle: [0, 13, 18, 12, 7, 4, 19, 20, 10, 8, 5, 6, 14, 0, 2, 9, 15, 16, 17, 1, 3, 11, 0]


*********************** Time 23 *******************************
--------------------------------------------------------------
Task: u20.txt
Fitness: 0.539503149386252
Cycle: [0, 11, 2, 6, 15, 9, 16, 10, 8, 17, 20, 13, 18, 12, 7, 4, 5, 14, 0, 19, 1, 3, 0]


*********************** Time 24 *******************************
--------------------------------------------------------------
Task: u20.txt
Fitness: 0.5336920603468474
Cycle: [0, 20, 15, 6, 9, 17, 10, 16, 2, 19, 4, 8, 3, 0, 5, 7, 18, 12, 13, 1, 14, 11, 0]


*********************** Time 25 *******************************
--------------------------------------------------------------
Task: u20.txt
Fitness: 0.5366599072754737
Cycle: [0, 3, 10, 2, 19, 13, 12, 18, 6, 4, 5, 0, 7, 15, 9, 16, 17, 8, 20, 1, 14, 11, 0]


*********************** Time 26 *******************************
--------------------------------------------------------------
Task: u20.txt
Fitness: 0.5377387756753358
Cycle: [0, 4, 7, 19, 1, 8, 3, 16, 15, 9, 10, 17, 14, 11, 0, 12, 18, 13, 2, 6, 20, 5, 0]


*********************** Time 27 *******************************
--------------------------------------------------------------
Task: u20.txt
Fitness: 0.5368689310274204
Cycle: [0, 9, 16, 2, 13, 12, 18, 7, 5, 4, 19, 11, 0, 20, 1, 6, 15, 10, 17, 8, 3, 14, 0]


*********************** Time 28 *******************************
--------------------------------------------------------------
Task: u20.txt
Fitness: 0.5360504093512923
Cycle: [0, 20, 8, 3, 10, 16, 2, 9, 15, 17, 1, 11, 0, 7, 12, 18, 13, 6, 19, 5, 4, 14, 0]


*********************** Time 29 *******************************
--------------------------------------------------------------
Task: u20.txt
Fitness: 0.5307433290952964
Cycle: [0, 11, 1, 8, 19, 17, 16, 10, 4, 5, 7, 18, 12, 14, 0, 13, 2, 20, 6, 15, 9, 3, 0]
