Summarization: 
Time average: 0.5791831890741984
------------------------------------------------------------
Task: my_situation2.txt
Fitness: 
	max: 0.3270208823262092
	average: 0.3204745915885147
	min: 0.3167334516822611


*********************** Time 0 *******************************
--------------------------------------------------------------
Task: my_situation2.txt
Fitness: 0.3238432926355667
Cycle: [0, 7, 15, 18, 3, 12, 13, 9, 20, 11, 14, 17, 1, 10, 0, 6, 2, 8, 5, 16, 19, 4, 0]


*********************** Time 1 *******************************
--------------------------------------------------------------
Task: my_situation2.txt
Fitness: 0.31843632379381787
Cycle: [0, 3, 6, 9, 13, 20, 14, 11, 2, 5, 15, 7, 1, 0, 19, 16, 12, 18, 8, 10, 17, 4, 0]


*********************** Time 2 *******************************
--------------------------------------------------------------
Task: my_situation2.txt
Fitness: 0.31970685560665074
Cycle: [0, 4, 16, 2, 20, 14, 11, 17, 3, 12, 18, 19, 7, 1, 0, 8, 6, 9, 13, 5, 15, 10, 0]


*********************** Time 3 *******************************
--------------------------------------------------------------
Task: my_situation2.txt
Fitness: 0.3191340951911352
Cycle: [0, 14, 6, 9, 13, 5, 19, 20, 11, 17, 1, 0, 7, 12, 16, 3, 18, 8, 2, 15, 10, 4, 0]


*********************** Time 4 *******************************
--------------------------------------------------------------
Task: my_situation2.txt
Fitness: 0.31785031682816384
Cycle: [0, 16, 9, 8, 20, 11, 14, 13, 2, 4, 1, 0, 7, 19, 18, 12, 3, 5, 6, 15, 17, 10, 0]


*********************** Time 5 *******************************
--------------------------------------------------------------
Task: my_situation2.txt
Fitness: 0.31760482118753053
Cycle: [0, 1, 19, 10, 6, 8, 13, 14, 5, 3, 12, 4, 0, 17, 11, 20, 2, 9, 15, 18, 16, 7, 0]


*********************** Time 6 *******************************
--------------------------------------------------------------
Task: my_situation2.txt
Fitness: 0.3210241698330578
Cycle: [0, 4, 7, 19, 2, 9, 13, 8, 20, 11, 14, 10, 17, 0, 18, 15, 6, 5, 12, 3, 16, 1, 0]


*********************** Time 7 *******************************
--------------------------------------------------------------
Task: my_situation2.txt
Fitness: 0.3205827444792914
Cycle: [0, 1, 7, 12, 18, 15, 6, 3, 5, 9, 13, 20, 10, 14, 11, 17, 0, 8, 2, 19, 16, 4, 0]


*********************** Time 8 *******************************
--------------------------------------------------------------
Task: my_situation2.txt
Fitness: 0.32558607333528045
Cycle: [0, 1, 11, 14, 2, 5, 20, 9, 13, 6, 8, 18, 3, 15, 12, 16, 7, 19, 0, 17, 10, 4, 0]


*********************** Time 9 *******************************
--------------------------------------------------------------
Task: my_situation2.txt
Fitness: 0.3192055395311239
Cycle: [0, 11, 14, 20, 18, 12, 3, 19, 2, 10, 17, 4, 1, 0, 7, 16, 15, 8, 13, 9, 5, 6, 0]


*********************** Time 10 *******************************
--------------------------------------------------------------
Task: my_situation2.txt
Fitness: 0.320394886058924
Cycle: [0, 10, 2, 13, 20, 9, 5, 3, 18, 6, 14, 11, 17, 1, 0, 19, 16, 15, 8, 12, 7, 4, 0]


*********************** Time 11 *******************************
--------------------------------------------------------------
Task: my_situation2.txt
Fitness: 0.32060417414486725
Cycle: [0, 4, 10, 17, 20, 9, 13, 15, 18, 3, 5, 2, 14, 11, 8, 6, 0, 16, 12, 19, 7, 1, 0]


*********************** Time 12 *******************************
--------------------------------------------------------------
Task: my_situation2.txt
Fitness: 0.3224947929717653
Cycle: [0, 17, 15, 5, 13, 20, 14, 11, 10, 1, 0, 9, 8, 2, 6, 18, 3, 12, 19, 16, 7, 4, 0]


*********************** Time 13 *******************************
--------------------------------------------------------------
Task: my_situation2.txt
Fitness: 0.3197237638020801
Cycle: [0, 10, 17, 20, 8, 14, 11, 13, 9, 6, 1, 4, 0, 2, 5, 15, 18, 12, 3, 19, 16, 7, 0]


*********************** Time 14 *******************************
--------------------------------------------------------------
Task: my_situation2.txt
Fitness: 0.32075990344486854
Cycle: [0, 18, 3, 12, 6, 5, 13, 9, 20, 11, 14, 2, 4, 17, 10, 1, 0, 7, 16, 19, 15, 8, 0]


*********************** Time 15 *******************************
--------------------------------------------------------------
Task: my_situation2.txt
Fitness: 0.3205157139985603
Cycle: [0, 17, 13, 9, 5, 20, 11, 14, 15, 3, 12, 19, 16, 7, 4, 0, 18, 2, 8, 6, 10, 1, 0]


*********************** Time 16 *******************************
--------------------------------------------------------------
Task: my_situation2.txt
Fitness: 0.3207273323775346
Cycle: [0, 1, 15, 13, 5, 9, 20, 2, 6, 8, 10, 17, 11, 14, 0, 16, 7, 3, 12, 18, 19, 4, 0]


*********************** Time 17 *******************************
--------------------------------------------------------------
Task: my_situation2.txt
Fitness: 0.3270208823262092
Cycle: [0, 1, 2, 6, 8, 5, 13, 9, 18, 3, 12, 15, 20, 14, 11, 17, 10, 4, 0, 19, 16, 7, 0]


*********************** Time 18 *******************************
--------------------------------------------------------------
Task: my_situation2.txt
Fitness: 0.31950344816651455
Cycle: [0, 4, 17, 2, 8, 6, 18, 5, 3, 12, 15, 16, 1, 0, 9, 13, 20, 14, 11, 10, 7, 19, 0]


*********************** Time 19 *******************************
--------------------------------------------------------------
Task: my_situation2.txt
Fitness: 0.3167334516822611
Cycle: [0, 17, 6, 12, 3, 19, 16, 7, 2, 9, 5, 13, 20, 4, 1, 0, 8, 18, 15, 11, 14, 10, 0]


*********************** Time 20 *******************************
--------------------------------------------------------------
Task: my_situation2.txt
Fitness: 0.31882977573708704
Cycle: [0, 7, 2, 5, 20, 13, 9, 14, 11, 16, 17, 10, 0, 6, 8, 15, 12, 3, 18, 19, 4, 1, 0]


*********************** Time 21 *******************************
--------------------------------------------------------------
Task: my_situation2.txt
Fitness: 0.32097917388887126
Cycle: [0, 17, 10, 20, 9, 13, 14, 11, 2, 7, 16, 4, 0, 6, 8, 15, 5, 3, 18, 12, 19, 1, 0]


*********************** Time 22 *******************************
--------------------------------------------------------------
Task: my_situation2.txt
Fitness: 0.31794067015270205
Cycle: [0, 1, 10, 7, 19, 18, 16, 3, 15, 12, 9, 13, 5, 8, 20, 4, 0, 2, 6, 14, 11, 17, 0]


*********************** Time 23 *******************************
--------------------------------------------------------------
Task: my_situation2.txt
Fitness: 0.31933399011786817
Cycle: [0, 1, 17, 10, 7, 2, 20, 3, 12, 4, 0, 14, 11, 13, 9, 5, 18, 15, 6, 8, 19, 16, 0]


*********************** Time 24 *******************************
--------------------------------------------------------------
Task: my_situation2.txt
Fitness: 0.32208894842136326
Cycle: [0, 10, 17, 5, 13, 9, 14, 11, 20, 4, 1, 0, 8, 2, 6, 18, 15, 12, 3, 16, 19, 7, 0]


*********************** Time 25 *******************************
--------------------------------------------------------------
Task: my_situation2.txt
Fitness: 0.317064369646587
Cycle: [0, 5, 3, 12, 15, 18, 8, 14, 11, 4, 1, 0, 2, 19, 7, 16, 13, 9, 20, 6, 17, 10, 0]


*********************** Time 26 *******************************
--------------------------------------------------------------
Task: my_situation2.txt
Fitness: 0.32298422646467195
Cycle: [0, 1, 17, 14, 3, 2, 20, 6, 8, 15, 18, 19, 4, 0, 13, 9, 5, 12, 11, 16, 7, 10, 0]


*********************** Time 27 *******************************
--------------------------------------------------------------
Task: my_situation2.txt
Fitness: 0.31765846848048507
Cycle: [0, 4, 8, 6, 2, 14, 11, 20, 18, 5, 3, 12, 16, 17, 10, 0, 13, 9, 15, 7, 19, 1, 0]


*********************** Time 28 *******************************
--------------------------------------------------------------
Task: my_situation2.txt
Fitness: 0.3243420814486344
Cycle: [0, 1, 4, 10, 17, 11, 14, 5, 6, 8, 9, 13, 20, 2, 3, 15, 18, 12, 19, 0, 16, 7, 0]


*********************** Time 29 *******************************
--------------------------------------------------------------
Task: my_situation2.txt
Fitness: 0.3215634619019672
Cycle: [0, 17, 10, 2, 6, 18, 3, 13, 9, 5, 12, 15, 7, 0, 14, 11, 20, 8, 19, 16, 4, 1, 0]
